,證券代號,證券名稱,成交股數,成交筆數,成交金額,開盤價,最高價,最低價,收盤價,漲跌(+/-),漲跌價差,最後揭示買價,最後揭示買量,最後揭示賣價,最後揭示賣量,本益比
0,0050,元大台灣50,"4,951,719","2,031","521,608,487",105.40,105.70,104.85,105.30,-,0.1,105.25,9,105.30,279,0.00
1,0051,元大中型100,"12,249",19,"493,974",40.35,40.40,40.25,40.37,+,0.05,40.35,7,40.37,7,0.00
2,0052,富邦科技,"1,072,646",234,"99,001,382",92.40,92.65,91.50,92.25,-,0.15,92.20,5,92.25,4,0.00
3,0053,元大電子,"30,439",21,"1,533,223",50.60,50.60,50.05,50.40, ,0.0,50.40,3,50.65,9,0.00
4,0054,元大台商50,"50,106",7,"1,268,633",25.30,25.33,25.30,25.31,+,0.01,25.30,1,25.33,80,0.00
5,0055,元大MSCI金融,"10,188",10,"181,854",17.85,17.85,17.85,17.85, ,0.0,17.82,1,17.85,10,0.00
6,0056,元大高股息,"7,215,817","4,013","217,350,718",30.23,30.23,30.09,30.20,-,0.03,30.15,6,30.20,111,0.00
7,0057,富邦摩台,"36,000",6,"2,488,200",68.80,69.35,68.80,69.20,-,0.1,68.95,10,69.35,10,0.00
8,0061,元大寶滬深,"573,171",146,"12,251,759",21.17,21.54,21.17,21.51,+,0.4,21.51,22,21.52,10,0.00
9,006203,元大MSCI台灣,"1,103",3,"54,446",49.37,49.37,49.37,49.37,+,0.02,48.87,35,49.25,1,0.00
10,006204,永豐臺灣加權,"201,000",3,"13,079,750",64.75,65.10,64.75,65.10,+,0.15,64.80,100,64.95,50,0.00
11,006205,富邦上証,"5,497,639",351,"192,170,415",34.91,35.34,34.71,35.34,+,0.66,35.34,23,35.35,7,0.00
12,006206,元大上證50,"1,149,551",142,"41,103,846",35.57,36.00,35.50,35.99,+,0.61,35.98,58,35.99,9,0.00
13,006207,FH滬深,"719,712",71,"20,028,957",27.50,28.00,27.50,28.00,+,0.5,27.98,80,28.00,29,0.00
14,006208,富邦台50,"785,194",289,"47,129,840",60.00,60.10,59.50,60.00, ,0.0,59.95,11,60.00,28,0.00
15,00625K,富邦上証+R,"50,000",2,"408,000",8.16,8.16,8.16,8.16,+,0.05,8.17,5,8.23,5,0.00
16,00631L,元大台灣50正2,"4,264,057",775,"284,718,213",66.75,67.20,66.30,66.75,+,0.25,66.70,11,66.75,175,0.00
17,00632R,元大台灣50反1,"69,365,522","3,390","571,408,916",8.25,8.27,8.21,8.25, ,0.0,8.25,"1,164",8.26,"10,882",0.00
18,00633L,富邦上証正2,"10,414,374","2,363","583,431,135",55.25,57.05,54.95,57.05,+,2.25,57.05,"1,181",57.10,181,0.00
19,00634R,富邦上証反1,"2,031,000",309,"9,452,230",4.70,4.70,4.61,4.62,-,0.07,4.61,160,4.62,811,0.00
20,00635U,元大S&P黃金,"484,605",187,"13,023,836",26.86,26.94,26.85,26.87,+,0.07,26.86,50,26.87,6,0.00
21,00636,國泰中國A50,"4,306,179",308,"103,754,737",24.00,24.35,23.97,24.33,+,0.45,24.33,37,24.34,12,0.00
22,00636K,國泰中國A50+U,100,1,820,8.20,8.20,8.20,8.20,+,0.03,8.29,10,8.41,18,0.00
23,00637L,元大滬深300正2,"78,988,370","9,918","1,725,086,852",21.51,22.23,21.42,22.23,+,0.88,22.23,"1,505",22.24,523,0.00
24,00638R,元大滬深300反1,"1,516,683",391,"14,277,659",9.49,9.52,9.32,9.32,-,0.22,9.32,51,9.33,439,0.00
25,00639,富邦深100,"1,784,077",174,"25,385,200",14.11,14.34,14.11,14.34,+,0.29,14.33,154,14.34,144,0.00
26,00640L,富邦日本正2,"325,100",41,"6,559,819",20.15,20.21,20.08,20.21,+,0.2,20.21,12,20.22,24,0.00
27,00641R,富邦日本反1,"154,000",21,"2,032,950",13.22,13.22,13.19,13.19,-,0.07,13.18,13,13.20,190,0.00
28,00642U,元大S&P石油,"9,703,462","1,982","76,660,945",7.88,7.94,7.85,7.94,+,0.14,7.93,174,7.94,282,0.00
29,00643,群益深証中小,"966,424",201,"16,388,679",16.89,17.06,16.78,17.04,+,0.29,17.04,44,17.05,5,0.00
30,00643K,群益深証中小+R,"1,000",1,"3,990",3.99,3.99,3.99,3.99,X,0.0,3.92,2,4.01,2,0.00
31,00645,富邦日本,"183,233",34,"3,871,651",21.11,21.20,21.11,21.20,+,0.12,21.15,1,21.20,19,0.00
32,00646,元大S&P500,"713,193",381,"21,364,515",30.05,30.05,29.90,29.97,-,0.16,29.96,55,29.97,37,0.00
33,00647L,元大S&P500正2,"321,000",106,"13,116,100",40.97,41.02,40.60,40.98,-,0.02,40.98,19,41.00,1,0.00
34,00648R,元大S&P500反1,"606,000",62,"5,789,870",9.55,9.58,9.53,9.54,-,0.01,9.53,207,9.54,466,0.00
35,00650L,FH香港正2,"586,000",135,"13,173,780",22.46,22.57,22.27,22.57,+,0.18,22.54,10,22.57,42,0.00
36,00651R,FH香港反1,"256,000",34,"2,173,060",8.50,8.52,8.46,8.46,-,0.06,8.46,135,8.48,100,0.00
37,00652,富邦印度,"303,018",154,"6,328,035",20.94,20.94,20.84,20.94, ,0.0,20.91,55,20.94,6,0.00
38,00653L,富邦印度正2,"4,492,002",646,"104,223,846",23.09,23.34,23.06,23.26, ,0.0,23.26,85,23.27,3,0.00
39,00654R,富邦印度反1,"119,000",22,"1,500,210",12.60,12.62,12.55,12.55,-,0.06,12.56,1,12.63,30,0.00
40,00655L,國泰中國A50正2,"7,361,500","1,527","302,954,460",40.50,42.00,40.36,42.00,+,1.78,42.00,190,42.01,9,0.00
41,00656R,國泰中國A50反1,"872,000",175,"7,491,120",8.65,8.68,8.50,8.50,-,0.2,8.49,4,8.50,439,0.00
42,00657,國泰日經225,"101,000",3,"2,920,960",28.92,28.96,28.92,28.96,+,0.06,28.90,2,28.96,9,0.00
43,00657K,國泰日經225+U,100,1,992,9.92,9.92,9.92,9.92,+,0.01,9.92,10,10.02,10,0.00
44,00660,元大歐洲50,"42,000",4,"998,100",23.69,23.81,23.69,23.76,+,0.12,23.75,50,23.81,2,0.00
45,00661,元大日經225,"2,422",4,"71,071",29.38,29.58,29.38,29.58,X,0.0,29.49,1,29.68,15,0.00
46,00662,富邦NASDAQ,"605,429",307,"25,260,186",42.14,42.14,41.57,41.70,-,0.7,41.68,1,41.70,1,0.00
47,00663L,國泰臺灣加權正2,"314,001",30,"18,770,409",59.55,60.05,59.40,59.85,+,0.5,59.55,211,59.65,333,0.00
48,00664R,國泰臺灣加權反1,"4,206,204",191,"39,321,375",9.36,9.38,9.32,9.36, ,0.0,9.36,356,9.37,"1,401",0.00
49,00665L,富邦恒生國企正2,"377,000",46,"7,854,340",20.78,21.00,20.70,21.00,+,0.3,21.00,42,21.02,3,0.00
50,00666R,富邦恒生國企反1,"80,000",2,"1,045,600",13.07,13.07,13.07,13.07,-,0.08,13.05,1,13.06,69,0.00
51,00668,國泰美國道瓊,"104,170",34,"3,040,972",29.27,29.27,29.16,29.20,-,0.03,29.18,129,29.20,61,0.00
52,00668K,國泰美國道瓊+U,100,1,"1,003",10.03,10.03,10.03,10.03,+,0.01,9.98,14,10.11,14,0.00
53,00669R,國泰美國道瓊反1,"1,741,000",157,"18,084,570",10.41,10.41,10.36,10.38,-,0.03,10.37,95,10.38,"1,470",0.00
54,00670L,富邦NASDAQ正2,"2,480,130",764,"154,276,060",62.15,62.65,61.70,62.60,-,0.2,62.60,40,62.65,37,0.00
55,00671R,富邦NASDAQ反1,"5,054,000",304,"38,688,850",7.67,7.69,7.62,7.64,+,0.01,7.63,3,7.64,242,0.00
56,00672L,元大S&P原油正2,"62,776,200","2,728","52,747,731",0.83,0.86,0.82,0.85,+,0.07,0.85,53,0.86,"4,601",0.00
57,00673R,元大S&P原油反1,"813,000",265,"24,219,630",29.99,29.99,29.63,29.65,-,1.31,29.64,3,29.65,81,0.00
58,00674R,元大S&P黃金反1,"251,000",38,"3,138,830",12.50,12.51,12.49,12.51,-,0.05,12.49,122,12.51,95,0.00
59,00675L,富邦臺灣加權正2,"724,000",119,"18,610,890",25.76,25.94,25.62,25.77,+,0.15,25.76,1,25.77,191,0.00
60,00676R,富邦臺灣加權反1,"3,368,115",217,"17,100,043",5.09,5.10,5.06,5.08, ,0.0,5.08,754,5.09,"1,518",0.00
61,00677U,富邦VIX,"173,297,299","12,146","819,080,245",4.74,4.76,4.71,4.72,-,0.13,4.72,423,4.73,"3,233",0.00
62,00678,群益NBI生技,"356,352",24,"9,075,187",25.50,25.50,25.41,25.47,+,0.15,25.45,30,25.47,46,0.00
63,00680L,元大美債20正2,"3,000",3,"94,810",31.56,31.63,31.56,31.63,+,0.07,31.62,3,31.66,25,0.00
64,00681R,元大美債20反1,0,0,0,--,--,--,--, ,0.0,12.45,25,12.47,55,0.00
65,00682U,元大美元指數,"165,199",67,"3,074,779",18.66,18.66,18.60,18.61,-,0.05,18.60,26,18.61,45,0.00
66,00683L,元大美元指數正2,"748,000",175,"13,244,780",17.88,17.88,17.66,17.73,-,0.16,17.72,4,17.73,48,0.00
67,00684R,元大美元指數反1,0,0,0,--,--,--,--, ,0.0,18.87,70,18.91,5,0.00
68,00685L,群益臺灣加權正2,"13,000",13,"294,280",22.57,22.72,22.51,22.65,+,0.18,22.53,12,22.58,12,0.00
69,00686R,群益臺灣加權反1,"33,000",19,"182,640",5.55,5.55,5.52,5.53,-,0.02,5.53,31,5.54,1,0.00
70,00688L,國泰20年美債正2,"100,000",2,"3,200,000",32.00,32.00,32.00,32.00,+,0.03,31.94,26,32.00,20,0.00
71,00689R,國泰20年美債反1,"124,000",5,"1,587,000",12.78,12.80,12.78,12.80,-,0.01,12.78,25,12.81,123,0.00
72,00690,兆豐藍籌30,"226,000",45,"5,795,530",25.53,25.70,25.53,25.66,+,0.14,25.61,1,25.64,1,0.00
73,00691R,兆豐藍籌30反1,0,0,0,--,--,--,--, ,0.0,11.41,10,11.47,10,0.00
74,00692,富邦公司治理,"1,455,312",436,"39,166,813",26.84,26.97,26.80,26.88,+,0.03,26.88,9,26.89,30,0.00
75,00693U,街口S&P黃豆,"15,762,499","2,657","256,180,122",16.14,16.31,16.14,16.31,+,0.49,16.30,124,16.31,625,0.00
76,00700,富邦恒生國企,"104,000",4,"1,900,080",18.27,18.28,18.26,18.28,+,0.08,18.30,20,18.37,20,0.00
77,00701,國泰股利精選30,"434,049",242,"9,106,935",20.96,21.02,20.95,20.98,+,0.02,20.97,14,20.98,1,0.00
78,00702,國泰標普低波高息,"12,000",7,"197,590",16.45,16.47,16.45,16.46,+,0.06,16.46,25,16.47,4,0.00
79,00703,台新MSCI中國,"94,000",21,"2,217,610",23.53,23.69,23.53,23.68,+,0.14,23.65,20,23.68,4,0.00
80,00706L,元大S&P日圓正2,"12,000",6,"215,330",17.96,17.96,17.93,17.95,+,0.11,17.94,6,17.95,5,0.00
81,00707R,元大S&P日圓反1,"2,000",1,"37,980",18.99,18.99,18.99,18.99,-,0.04,18.96,31,18.99,21,0.00
82,00708L,元大S&P黃金正2,"2,391,000",442,"79,596,320",33.26,33.40,33.21,33.25,+,0.19,33.24,241,33.25,9,0.00
83,00709,富邦歐洲,"106,500",8,"2,118,865",19.81,19.90,19.80,19.89,+,0.1,19.83,100,19.90,5,0.00
84,00710B,FH彭博高收益債,"378,259",142,"7,077,322",18.73,18.76,18.69,18.70,-,0.03,18.69,41,18.70,77,0.00
85,00711B,FH彭博新興債,"169,200",20,"3,773,110",22.33,22.33,22.26,22.29,-,0.07,22.27,20,22.31,30,0.00
86,00712,FH富時不動產,"1,061,100",309,"11,851,637",11.15,11.19,11.13,11.18,+,0.02,11.17,74,11.18,37,0.00
87,00713,元大台灣高息低波,"85,210",42,"2,856,988",33.54,33.60,33.47,33.53,+,0.03,33.53,24,33.55,5,0.00
88,00714,群益道瓊美國地產,"15,203",16,"283,851",18.68,18.70,18.65,18.70,-,0.15,18.68,1,18.70,9,0.00
89,00715L,街口布蘭特油正2,"45,963,250","3,107","172,685,820",3.77,3.79,3.70,3.78,+,0.17,3.78,"1,055",3.79,860,0.00
90,00717,富邦美國特別股,"893,698",179,"15,001,015",16.82,16.82,16.77,16.77,-,0.06,16.76,28,16.79,65,0.00
91,00728,第一金工業30,"235,653",24,"5,240,444",22.32,22.32,22.16,22.29,+,0.04,22.18,1,22.29,4,0.00
92,00730,富邦臺灣優質高息,"866,447",116,"15,180,651",17.47,17.58,17.46,17.49,+,0.05,17.49,23,17.52,25,0.00
93,00731,FH富時高息低波,"1,011,031",18,"48,105,162",47.53,47.67,47.50,47.61,+,0.21,47.55,2,47.60,2,0.00
94,00732,國泰RMB短期報酬,"112,000",3,"4,349,720",38.81,38.84,38.81,38.84,-,0.01,38.80,10,38.92,14,0.00
95,00733,富邦臺灣中小,"201,272",5,"5,005,593",24.87,24.87,24.87,24.87,+,0.01,24.82,34,24.90,2,0.00
96,00735,國泰臺韓科技,"134,000",12,"3,357,250",24.94,25.11,24.94,25.07,+,0.15,25.02,21,25.08,25,0.00
97,00736,國泰新興市場,"113,006",13,"2,279,331",20.22,20.24,20.13,20.24,+,0.12,20.18,22,20.24,19,0.00
98,00737,國泰AI+Robo,"128,020",48,"3,183,203",24.82,24.91,24.80,24.91,+,0.03,24.88,30,24.91,48,0.00
99,00738U,元大道瓊白銀,"1,783,000",427,"51,636,460",28.96,29.06,28.86,28.97,+,0.22,28.97,472,28.98,6,0.00
100,00739,元大MSCI A股,"540,276",68,"13,862,147",25.38,25.76,25.38,25.76,+,0.48,25.76,18,25.77,26,0.00
101,00742,新光內需收益,"158,005",16,"3,349,755",21.17,21.21,21.17,21.21,+,0.04,21.21,120,21.24,120,0.00
102,00743,國泰中國A150,"6,100",7,"157,666",25.88,25.91,25.81,25.82,+,0.36,26.06,33,26.14,94,0.00
103,00752,中信中國50,"867,109",405,"24,270,203",28.04,28.08,27.93,28.05,+,0.04,28.04,4,28.05,19,0.00
104,00753L,中信中國50正2,"717,000",120,"23,739,230",33.02,33.42,32.85,33.42,+,0.37,33.42,19,33.43,6,0.00
105,00757,統一FANG+,"1,061,750",448,"39,655,485",37.50,37.50,37.23,37.37,-,0.29,37.37,15,37.38,19,0.00
106,00762,元大全球AI,"283,250",131,"8,510,550",30.07,30.14,29.95,30.12,-,0.08,30.12,46,30.15,3,0.00
107,00763U,街口道瓊銅,"128,000",42,"2,629,230",20.44,20.58,20.44,20.55,+,0.53,20.55,1,20.58,1,0.00
108,00766L,台新MSCI中國正2,"390,000",121,"4,060,150",10.36,10.55,10.30,10.55,+,0.24,10.55,23,10.59,1,0.00
109,00770,國泰北美科技,"110,000",83,"3,231,940",29.46,29.46,29.31,29.43,-,0.06,29.43,3,29.49,53,0.00
110,00771,元大US高息特別股,"18,003",14,"344,187",19.12,19.12,19.10,19.12,-,0.08,19.12,1,19.13,70,0.00
111,00774B,新光中國政金綠債,"1,202,000",6,"47,058,120",39.15,39.15,39.06,39.06,-,0.09,38.94,10,39.05,2,0.00
112,00774C,新光中政金綠債+R,0,0,0,--,--,--,--, ,0.0,9.02,5,9.10,2,0.00
113,00775B,新光投等債15+,"389,000",3,"17,831,480",45.84,45.84,45.70,45.70,-,0.15,45.70,2,45.79,2,0.00
114,00783,富邦中証500,"882,000",33,"19,099,680",21.67,21.81,21.63,21.81,+,0.47,21.81,130,21.84,10,0.00
115,008201,BP上證50,0,0,0,--,--,--,--, ,0.0,118.10,1,119.85,2,0.00
116,00830,國泰費城半導體,"465,665",162,"9,474,071",20.40,20.40,20.29,20.38,+,0.13,20.36,50,20.38,84,0.00
117,00850,元大臺灣ESG永續,"961,365",558,"25,025,171",26.03,26.10,25.95,26.04,+,0.01,26.03,16,26.04,83,0.00
118,00851,台新全球AI,"39,000",23,"1,039,620",26.61,26.70,26.54,26.70, ,0.0,26.71,20,26.74,21,0.00
119,00852L,國泰美國道瓊正2,"4,834,000",379,"67,838,360",14.02,14.06,13.94,14.05,+,0.04,14.05,270,14.06,4,0.00
120,00861,元大全球未來通訊,"1,345,790",385,"31,478,813",23.41,23.43,23.35,23.39,-,0.07,23.39,36,23.40,100,0.00
121,00865B,國泰US短期公債,"106,000",5,"4,063,000",38.40,38.40,38.32,38.32,-,0.13,38.30,112,38.32,20,0.00
122,00866,新光Shiller CAPE,"57,323",10,"1,189,808",20.73,20.77,20.73,20.77,+,0.04,20.78,10,20.83,15,0.00
123,00875,國泰網路資安,"1,229,590",453,"31,669,169",25.80,25.81,25.73,25.75,-,0.05,25.75,36,25.76,53,0.00
124,00876,元大未來關鍵科技,"2,602,938",562,"54,366,218",20.80,20.92,20.80,20.92,+,0.14,20.92,27,20.93,61,0.00
125,00878,國泰永續高股息,"3,801,124","1,621","56,321,291",14.81,14.84,14.79,14.83,+,0.04,14.82,128,14.83,59,0.00
126,01001T,土銀富邦R1,"26,000",18,"477,440",18.36,18.40,18.36,18.40,+,0.04,18.36,23,18.40,3,0.00
127,01002T,土銀國泰R1,"124,480",66,"2,313,420",18.58,18.64,18.57,18.59,+,0.01,18.58,10,18.59,17,0.00
128,01003T,兆豐新光R1,"3,634,090",33,"65,481,454",20.10,20.19,19.86,19.87,+,0.07,19.87,2,19.92,1,0.00
129,01004T,土銀富邦R2,"64,000",29,"1,038,570",16.34,16.36,16.00,16.29,-,0.05,16.05,1,16.30,6,0.00
130,01007T,兆豐國泰R2,"96,140",31,"1,824,720",19.00,19.00,18.97,18.98,-,0.01,18.95,15,18.98,8,0.00
131,01009T,王道圓滿R1,"34,000",10,"333,640",9.89,9.89,9.80,9.81,-,0.04,9.81,22,9.86,9,0.00
132,01010T,京城樂富R1,"31,000",9,"322,420",10.40,10.42,10.40,10.42,+,0.02,10.39,21,10.44,3,0.00
133,020000,富邦特選蘋果N,0,0,0,--,--,--,--, ,0.0,5.68,100,5.70,100,0.00
134,020002,元富新中國N,"100,000",8,"1,835,600",18.36,18.40,18.30,18.39,+,0.06,18.40,499,18.42,355,0.00
135,020004,兆豐電菁英30N,0,0,0,--,--,--,--, ,0.0,25.64,499,25.65,499,0.00
136,020006,永昌中小300N,0,0,0,--,--,--,--, ,0.0,24.40,106,24.41,103,0.00
137,020007,凱基臺灣500N,0,0,0,--,--,--,--, ,0.0,24.87,231,24.92,236,0.00
138,020008,元大特股高息N,"485,000",21,"5,269,210",10.87,10.87,10.85,10.85, ,0.0,10.85,200,10.86,200,0.00
139,020011,統一微波高息20N,"28,000",11,"137,410",4.89,4.93,4.89,4.92,+,0.03,4.91,499,4.92,493,0.00
140,020012,富邦行動通訊N,"35,000",16,"197,150",5.59,5.65,5.59,5.64,+,0.03,5.62,109,5.64,111,0.00
141,020015,統一MSCI美低波N,0,0,0,--,--,--,--, ,0.0,12.75,494,12.77,491,0.00
142,020016,統一MSCI美科技N,"3,000",2,"44,260",14.75,14.76,14.75,14.76,+,0.07,14.76,499,14.78,491,0.00
143,020018,統一價值成長30N,"1,123,000",41,"12,267,490",10.92,10.95,10.90,10.93,+,0.07,10.91,491,10.93,501,0.00
144,020019,統一特選台灣5GN,"567,000",52,"5,474,480",9.65,9.70,9.61,9.70,+,0.05,9.68,507,9.70,489,0.00
145,02001L,富邦蘋果正二N,0,0,0,--,--,--,--, ,0.0,7.13,100,7.14,2,0.00
146,02001R,富邦蘋果反一N,0,0,0,--,--,--,--, ,0.0,4.03,130,4.05,100,0.00
147,1101,台泥,"13,180,812","3,323","560,008,805",42.55,42.65,42.35,42.50,-,0.05,42.50,802,42.60,92,10.02
148,1101B,台泥乙特,"18,591",15,"1,003,253",53.70,54.00,53.70,54.00, ,0.0,54.00,1,54.10,1,0.00
149,1102,亞泥,"6,094,526","1,302","259,632,899",42.50,42.70,42.30,42.70,+,0.3,42.55,4,42.70,42,10.44
150,1103,嘉泥,"430,621",213,"7,180,159",16.60,16.75,16.60,16.70,+,0.15,16.65,55,16.70,29,21.41
151,1104,環泥,"457,914",241,"9,065,399",19.75,19.90,19.70,19.85,+,0.1,19.80,26,19.85,17,11.21
152,1108,幸福,"966,602",406,"11,180,751",11.45,11.65,11.40,11.60,+,0.15,11.55,57,11.60,4,16.11
153,1109,信大,"1,206,634",594,"24,714,447",20.40,20.75,20.30,20.50,+,0.25,20.45,36,20.50,212,7.59
154,1110,東泥,"152,500",67,"2,493,649",16.35,16.40,16.30,16.35,+,0.05,16.35,2,16.40,113,0.00
155,1201,味全,"589,202",319,"11,912,498",20.15,20.30,20.15,20.30,+,0.15,20.25,7,20.30,83,35.00
156,1203,味王,"45,367",46,"1,490,099",32.80,33.05,32.60,32.90,+,0.1,32.80,1,33.00,26,17.98
157,1210,大成,"1,887,400","1,280","82,905,538",43.90,44.10,43.60,43.80,-,0.1,43.80,2,43.85,5,13.52
158,1213,大飲,"22,003",15,"212,787",9.75,9.80,9.60,9.60,-,0.17,9.60,6,9.79,1,0.00
159,1215,卜蜂,"572,852",411,"38,991,274",67.90,68.20,67.80,68.20,+,0.4,68.10,19,68.20,4,11.92
160,1216,統一,"28,243,680","3,466","1,825,497,990",64.80,65.10,64.50,64.50, ,0.0,64.50,"1,412",64.80,8,19.49
161,1217,愛之味,"6,823,214","1,005","53,228,950",7.74,7.86,7.73,7.76,+,0.06,7.76,64,7.77,1,36.95
162,1218,泰山,"11,095,902",291,"233,703,645",22.50,22.55,22.35,22.35,-,0.05,22.35,66,22.50,17,15.63
163,1219,福壽,"566,544",265,"11,039,592",19.30,19.65,19.30,19.60,+,0.25,19.55,10,19.60,3,12.56
164,1220,台榮,"240,048",102,"2,774,176",11.50,11.60,11.50,11.60,+,0.1,11.60,44,11.65,20,12.75
165,1225,福懋油,"162,020",128,"5,372,463",33.05,33.50,33.05,33.20,+,0.15,33.10,23,33.20,2,21.99
166,1227,佳格,"586,604",415,"37,413,725",63.50,64.00,63.20,64.00,+,0.5,63.90,5,64.00,22,16.12
167,1229,聯華,"2,179,953","1,314","89,081,223",41.00,41.10,40.80,40.80,-,0.15,40.80,70,40.90,1,16.52
168,1231,聯華食,"82,783",90,"3,468,286",41.85,41.95,41.70,41.95,+,0.05,41.95,4,42.00,37,13.11
169,1232,大統益,"28,827",55,"3,448,740",119.00,120.00,119.00,120.00,+,0.5,119.50,14,120.00,40,19.51
170,1233,天仁,"13,829",15,"507,365",36.60,36.80,36.55,36.80, ,0.0,36.75,8,36.80,3,40.00
171,1234,黑松,"110,143",79,"3,609,379",32.70,32.85,32.70,32.80,+,0.15,32.75,1,32.80,5,16.40
172,1235,興泰,"22,074",21,"560,564",25.70,25.70,25.20,25.45,+,0.45,25.45,1,25.50,4,27.37
173,1236,宏亞,"41,605",72,"564,965",13.60,13.60,13.50,13.55,-,0.05,13.50,17,13.55,3,71.32
174,1256,鮮活果汁-KY,"150,290",181,"40,173,640",255.50,276.00,255.50,268.00,+,12.5,268.00,6,271.50,3,18.29
175,1301,台塑,"31,488,447","13,109","2,570,615,807",79.50,82.30,79.40,81.60,+,3.0,81.60,87,81.70,53,29.14
176,1303,南亞,"13,321,470","4,461","819,602,034",61.00,61.90,60.90,61.30,+,0.4,61.20,573,61.30,159,31.76
177,1304,台聚,"51,428,369","13,584","906,507,916",17.80,17.90,17.30,17.50,-,0.05,17.50,53,17.55,437,17.16
178,1305,華夏,"36,431,185","14,159","801,298,968",22.20,22.35,21.45,21.90,-,0.55,21.90,51,21.95,15,17.38
179,1307,三芳,"927,300",562,"20,408,669",21.70,22.40,21.70,21.95,+,0.4,21.95,18,22.00,5,34.30
180,1308,亞聚,"28,719,735","8,267","602,580,057",21.50,21.50,20.35,20.40,-,0.6,20.40,80,20.45,10,13.33
181,1309,台達化,"17,608,821","7,589","549,792,251",31.95,31.95,30.70,31.00,-,0.95,31.00,23,31.05,13,18.34
182,1310,台苯,"5,390,959","2,254","90,965,908",16.80,17.15,16.65,16.70,+,0.1,16.70,66,16.75,31,119.29
183,1312,國喬,"7,073,643","2,301","138,479,826",19.55,19.75,19.40,19.45,-,0.1,19.45,102,19.50,35,12.08
184,1312A,國喬特,0,0,0,--,--,--,--, ,0.0,30.90,10,30.95,1,0.00
185,1313,聯成,"12,974,289","3,543","181,111,614",14.05,14.25,13.65,13.65,-,0.05,13.65,406,13.70,6,97.50
186,1314,中石化,"90,846,311","15,331","828,913,041",9.03,9.27,8.97,8.97,+,0.06,8.97,"1,072",9.00,334,23.61
187,1315,達新,"527,080",308,"27,910,430",52.50,53.40,52.50,53.00,+,0.5,53.00,8,53.10,14,1.86
188,1316,上曜,"331,035",138,"3,862,113",11.70,11.75,11.60,11.70, ,0.0,11.70,34,11.75,64,0.00
189,1319,東陽,"932,404",650,"35,018,310",37.30,37.80,37.30,37.70,+,0.35,37.65,4,37.70,21,16.91
190,1321,大洋,"1,492,000",792,"55,307,400",36.60,37.60,36.35,36.50,+,0.25,36.50,9,36.55,3,15.02
191,1323,永裕,"140,109",81,"4,701,272",33.70,33.75,33.45,33.70,-,0.05,33.65,1,33.70,38,9.77
192,1324,地球,"180,582",66,"1,781,025",9.94,9.96,9.82,9.82,-,0.03,9.82,12,9.86,4,70.14
193,1325,恆大,"2,972,401","2,101","407,985,937",138.00,139.50,136.00,136.50,-,1.5,136.50,49,137.00,7,15.48
194,1326,台化,"22,688,968","7,592","1,585,840,937",68.20,70.70,68.20,69.70,+,1.5,69.70,321,69.80,211,34.17
195,1337,再生-KY,"7,893,040","1,429","58,408,478",7.40,7.40,7.40,7.40,+,0.67,7.40,"3,991",--,0,0.00
196,1338,廣華-KY,"478,925",302,"27,652,789",57.40,58.30,57.10,58.30,+,1.2,58.20,10,58.30,1,21.67
197,1339,昭輝,"1,588,400",796,"72,647,210",45.10,46.20,45.10,45.85,+,0.85,45.85,1,45.90,1,22.26
198,1340,勝悅-KY,"3,514,224","1,226","45,149,062",11.85,13.00,11.85,13.00,+,1.15,13.00,683,--,0,0.00
199,1341,富林-KY,"15,000",8,"873,200",58.30,58.30,58.10,58.20,-,0.2,58.20,1,58.30,4,10.76
200,1402,遠東新,"14,605,852","3,288","377,721,697",26.00,26.10,25.75,25.75,-,0.2,25.75,"2,418",25.90,2,15.51
201,1409,新纖,"5,651,380","1,461","65,284,439",11.50,11.70,11.45,11.45, ,0.0,11.45,281,11.50,42,7.58
202,1410,南染,"66,563",12,"2,290,873",35.05,35.10,34.25,34.40,-,0.4,34.50,1,34.55,15,36.60
203,1413,宏洲,"350,312",142,"3,242,776",9.10,9.40,9.10,9.37,+,0.27,9.36,1,9.38,3,0.00
204,1414,東和,"1,057,670",380,"9,307,427",8.81,8.99,8.70,8.88,+,0.18,8.86,3,8.88,8,37.00
205,1416,廣豐,"106,845",86,"1,512,560",14.10,14.25,14.10,14.20,+,0.15,14.20,15,14.25,22,0.00
206,1417,嘉裕,"8,629,512","2,768","104,950,107",12.35,12.45,11.95,12.05,-,0.65,12.05,62,12.10,54,8.43
207,1418,東華,"16,177",14,"127,793",7.53,8.00,7.53,8.00,+,0.23,7.80,2,8.00,4,0.00
208,1419,新紡,"66,033",35,"2,984,638",45.20,45.40,45.00,45.35,+,0.55,45.35,25,45.60,2,37.48
209,1423,利華,"135,799",65,"1,965,022",14.50,14.60,14.35,14.55,+,0.1,14.55,27,14.60,20,0.00
210,1434,福懋,"20,554,820","9,034","696,001,538",33.75,34.20,33.35,34.00,+,0.75,34.00,107,34.05,62,13.71
211,1435,中福,"1,304,261",530,"14,951,773",11.50,11.80,11.05,11.45,-,0.1,11.45,15,11.60,9,0.00
212,1436,華友聯,"86,366",59,"3,230,292",37.55,37.60,37.30,37.40,+,0.1,37.40,6,37.55,7,14.55
213,1437,勤益控,"191,107",84,"4,401,261",23.05,23.15,23.00,23.10,+,0.05,23.05,11,23.10,103,17.50
214,1438,三地開發,"259,065",110,"3,683,873",14.10,14.70,13.80,14.35,+,0.15,14.30,1,14.35,107,35.00
215,1439,中和,"167,237",119,"4,974,038",30.00,30.00,29.50,29.50,-,0.1,29.50,5,29.55,25,173.53
216,1440,南紡,"28,973,764","6,620","371,897,294",12.50,13.10,12.40,12.80,+,0.4,12.80,42,12.85,27,0.00
217,1441,大東,"1,370,453",624,"13,512,444",9.50,10.10,9.50,9.87,+,0.38,9.83,21,9.87,15,0.00
218,1442,名軒,"2,283,400",841,"44,754,995",19.45,19.85,19.30,19.85,+,0.5,19.85,34,19.90,43,43.15
219,1443,立益,"54,962",21,"485,816",8.85,8.88,8.80,8.86,+,0.01,8.86,2,8.87,8,0.00
220,1444,力麗,"217,120,382","45,522","2,675,991,710",12.00,12.55,11.65,12.55,+,1.1,12.55,"67,519",--,0,0.00
221,1445,大宇,"187,596",75,"1,774,815",9.35,9.79,9.35,9.44,+,0.09,9.42,6,9.44,3,0.00
222,1446,宏和,"117,000",68,"3,744,200",32.10,32.25,31.80,31.95, ,0.0,31.90,27,31.95,2,0.00
223,1447,力鵬,"8,666,284","2,464","62,336,078",7.17,7.30,7.08,7.22,+,0.11,7.20,13,7.22,36,0.00
224,1449,佳和,"450,432",185,"7,797,212",17.15,17.50,17.15,17.50,+,0.35,17.50,6,17.55,21,0.00
225,1451,年興,"484,908",386,"8,202,836",16.80,17.10,16.80,17.00,+,0.2,17.00,8,17.05,20,0.00
226,1452,宏益,"173,082",79,"2,789,519",16.10,16.15,16.05,16.15,+,0.05,16.10,6,16.15,22,29.36
227,1453,大將,"512,128",252,"4,753,688",9.10,9.48,9.10,9.22,+,0.12,9.20,2,9.22,12,0.00
228,1454,台富,"191,701",65,"1,591,168",8.30,8.41,8.23,8.35,+,0.01,8.34,10,8.35,11,0.00
229,1455,集盛,"2,217,221",540,"19,789,490",8.88,9.03,8.88,8.95, ,0.0,8.94,11,8.95,28,0.00
230,1456,怡華,"66,000",16,"659,170",10.00,10.00,9.92,9.99,+,0.02,9.98,3,9.99,45,333.00
231,1457,宜進,"2,186,260",657,"30,339,939",13.75,14.00,13.65,14.00,+,0.3,13.95,22,14.00,414,6.25
232,1459,聯發,"81,119",66,"712,947",8.73,8.80,8.73,8.80, ,0.0,8.77,3,8.80,14,0.00
233,1460,宏遠,"1,355,030",570,"13,156,263",9.63,9.77,9.59,9.72,+,0.12,9.72,42,9.73,5,0.00
234,1463,強盛,"90,025",59,"1,160,336",12.85,12.95,12.80,12.95,+,0.1,12.90,1,12.95,11,26.98
235,1464,得力,"320,288",220,"5,876,678",18.40,18.45,18.15,18.25,-,0.05,18.20,23,18.30,8,65.18
236,1465,偉全,"71,122",61,"953,266",13.45,13.45,13.35,13.45,+,0.05,13.40,20,13.45,20,0.00
237,1466,聚隆,"5,127,374","2,010","101,818,678",19.15,20.50,19.10,19.70,+,0.45,19.70,3,19.75,3,0.00
238,1467,南緯,"6,746,214","3,105","139,907,644",19.85,21.25,19.75,20.95,+,1.25,20.95,43,21.00,27,0.00
239,1468,昶和,"104,000",66,"1,228,050",12.20,12.40,11.50,12.35,+,0.1,12.30,4,12.40,2,58.81
240,1470,大統新創,"17,088",12,"307,981",18.00,18.20,17.90,17.90,-,0.1,17.65,1,17.90,2,38.09
241,1471,首利,"5,497,396",878,"35,678,077",6.49,6.49,6.49,6.49,+,0.59,6.49,"12,630",--,0,0.00
242,1472,三洋紡,"408,839",250,"4,930,652",11.90,12.15,11.90,12.05,+,0.05,12.05,13,12.15,2,0.00
243,1473,台南,"124,455",123,"2,327,345",18.80,18.80,18.65,18.70,-,0.1,18.70,3,18.75,24,0.00
244,1474,弘裕,"665,500",311,"8,517,300",12.90,12.90,12.70,12.75,-,0.05,12.70,83,12.75,36,19.92
245,1475,本盟,"4,114",12,"105,044",25.60,25.60,25.55,25.55,+,1.35,22.15,1,25.55,8,0.00
246,1476,儒鴻,"547,108",287,"203,815,226",377.50,377.50,371.00,372.50,-,0.5,372.00,10,372.50,8,27.37
247,1477,聚陽,"3,159,457","1,813","564,902,760",177.50,180.00,176.50,180.00,+,3.5,179.50,3,180.00,144,21.48
248,1503,士電,"1,063,698",713,"56,135,848",53.30,53.90,52.00,52.00,+,0.1,52.00,19,52.10,8,16.15
249,1504,東元,"6,201,075","2,051","190,264,732",30.40,31.10,30.40,30.65,-,0.05,30.60,21,30.65,108,17.72
250,1506,正道,"462,784",205,"5,467,150",11.50,12.00,11.50,11.90,+,0.4,11.90,17,11.95,102,0.00
251,1507,永大,"181,816",120,"9,952,371",54.80,54.90,54.60,54.60,-,0.4,54.60,4,54.80,132,17.96
252,1512,瑞利,"61,395",26,"261,404",4.16,4.26,4.16,4.26,+,0.08,4.25,13,4.26,23,0.00
253,1513,中興電,"15,395,042","6,861","795,660,642",51.00,52.60,50.90,51.20,-,0.1,51.20,122,51.30,14,28.44
254,1514,亞力,"2,455,526","1,237","67,854,044",27.75,28.05,27.40,27.50, ,0.0,27.50,3,27.55,11,17.08
255,1515,力山,"3,418,403","2,373","299,064,281",86.50,88.50,85.80,88.30,+,2.1,88.20,1,88.30,24,27.94
256,1516,川飛,"686,440",381,"12,150,936",16.65,18.30,16.65,17.70,+,0.95,17.70,2,17.75,3,23.92
257,1517,利奇,"26,743,990","9,164","347,913,813",12.85,13.65,12.35,12.55,-,0.1,12.55,11,12.60,36,0.00
258,1519,華城,"3,009,053","1,916","136,368,735",44.80,45.80,44.80,44.90,-,0.15,44.90,27,44.95,3,25.51
259,1521,大億,"26,000",26,"1,389,100",53.20,53.70,53.20,53.70,+,0.8,53.60,8,53.70,1,19.39
260,1522,堤維西,"522,892",333,"11,485,150",21.70,22.20,21.70,21.85,+,0.25,21.85,10,21.90,4,23.24
261,1524,耿鼎,"245,232",113,"2,339,723",9.50,9.60,9.49,9.56,+,0.08,9.54,1,9.56,2,19.12
262,1525,江申,"264,145",233,"18,569,422",70.50,71.20,69.50,70.20, ,0.0,70.10,1,70.20,1,18.62
263,1526,日馳,"2,417,545","1,424","115,501,181",47.90,48.35,47.25,47.30,-,0.75,47.30,24,47.35,2,20.57
264,1527,鑽全,"166,839",111,"6,580,940",39.50,39.75,39.30,39.50,+,0.05,39.45,16,39.50,14,20.05
265,1528,恩德,"2,640,003","1,183","23,470,197",8.43,9.10,8.43,9.00,+,0.65,9.00,1,9.01,6,0.00
266,1529,樂士,"103,154",52,"1,702,075",16.55,16.60,16.40,16.50,-,0.05,16.40,2,16.55,9,30.00
267,1530,亞崴,"27,492",20,"821,460",30.00,30.00,29.80,29.95, ,0.0,29.95,2,30.00,13,8.37
268,1531,高林股,"317,980",193,"3,693,348",11.60,11.75,11.45,11.60, ,0.0,11.55,2,11.60,1,0.00
269,1532,勤美,"2,441,303","1,504","79,148,794",31.50,32.90,31.50,32.65,+,1.15,32.60,26,32.65,16,77.74
270,1533,車王電,"43,226",40,"1,292,606",29.85,30.10,29.80,29.90,+,0.25,29.85,1,29.90,1,42.11
271,1535,中宇,"32,082",26,"1,042,423",32.35,32.80,32.00,32.60,+,0.05,32.60,11,32.65,4,27.17
272,1536,和大,"480,643",345,"48,294,720",100.00,101.00,99.90,100.50,+,0.7,100.50,7,101.00,67,66.12
273,1537,廣隆,"105,011",111,"14,655,040",139.00,140.00,139.00,139.50,-,0.5,139.50,2,140.00,15,12.69
274,1538,正峰,"130,275",40,"527,461",4.00,4.11,3.92,4.09,+,0.05,4.06,5,4.11,9,0.00
275,1539,巨庭,"821,095",365,"20,318,670",25.00,25.20,24.30,25.00,+,0.2,24.90,11,25.00,17,73.53
276,1540,喬福,"83,000",37,"1,240,550",14.90,15.00,14.90,14.95,+,0.05,14.95,9,15.00,20,0.00
277,1541,錩泰,"99,908",72,"5,589,920",56.20,56.40,55.50,55.80,-,0.5,55.80,9,56.00,1,11.85
278,1558,伸興,"39,100",41,"5,440,948",139.50,139.50,139.00,139.50, ,0.0,139.00,5,139.50,5,12.24
279,1560,中砂,"245,200",181,"15,516,040",63.10,63.50,63.00,63.40,+,0.5,63.30,6,63.40,10,15.89
280,1568,倉佑,"57,488",95,"911,008",15.80,15.95,15.75,15.90,+,0.2,15.90,1,15.95,2,0.00
281,1582,信錦,"365,093",299,"32,144,084",87.40,88.50,87.40,88.20,+,0.9,88.10,2,88.30,11,10.59
282,1583,程泰,"36,035",29,"2,165,586",60.00,60.80,59.90,59.90,-,0.1,59.80,10,60.00,15,13.28
283,1587,吉茂,"2,455,311","1,438","66,352,743",26.40,27.50,26.30,26.95,+,0.85,26.95,2,27.00,1,18.09
284,1589,永冠-KY,"2,530,902","1,681","236,667,653",92.70,94.40,92.30,93.30,+,1.1,93.30,40,93.40,1,29.81
285,1590,亞德客-KY,"2,157,766",795,"1,477,277,412",682.00,695.00,680.00,684.00,+,7.0,683.00,20,685.00,17,43.26
286,1592,英瑞-KY,"233,131",130,"2,732,937",11.70,11.80,11.60,11.75,+,0.25,11.75,4,11.80,25,0.00
287,1598,岱宇,"4,761,744","2,906","594,542,597",122.50,129.00,119.50,128.50,+,6.5,127.50,5,128.50,51,43.27
288,1603,華電,"30,005",25,"847,091",28.20,28.40,28.05,28.40,+,0.2,28.35,12,28.40,3,19.19
289,1604,聲寶,"1,772,233",410,"39,803,610",23.15,23.25,23.05,23.10, ,0.0,23.05,115,23.10,65,19.74
290,1605,華新,"12,256,621","2,992","206,650,088",16.90,17.10,16.70,16.75, ,0.0,16.75,43,16.80,69,13.73
291,1608,華榮,"4,031,695","1,287","43,579,502",10.75,10.95,10.65,10.85,+,0.25,10.85,70,10.90,30,20.87
292,1609,大亞,"35,675,377","10,446","617,582,262",17.15,17.65,17.00,17.00, ,0.0,17.00,"1,211",17.05,81,13.08
293,1612,宏泰,"2,559,736",868,"38,777,340",15.10,15.30,14.95,15.05,+,0.15,15.05,74,15.10,3,30.10
294,1614,三洋電,"352,192",196,"13,912,983",39.70,39.75,39.35,39.60,+,0.35,39.55,1,39.60,10,33.56
295,1615,大山,"69,300",46,"1,553,220",22.45,22.45,22.30,22.40,-,0.05,22.40,28,22.45,10,9.74
296,1616,億泰,"937,918",296,"5,198,239",5.45,5.68,5.45,5.53,+,0.08,5.53,1,5.54,3,0.00
297,1617,榮星,"68,431",40,"886,653",13.00,13.15,12.85,13.15,+,0.1,13.10,1,13.15,4,16.23
298,1618,合機,"3,732,728",821,"37,918,753",9.95,10.30,9.95,9.97,+,0.09,9.97,7,9.98,7,15.11
299,1626,艾美特-KY,"54,749",36,"1,365,325",24.90,25.00,24.85,25.00,+,0.1,24.95,4,25.00,8,19.84
300,1701,中化,"2,774,863","1,343","68,547,969",24.50,25.20,24.40,24.55,+,0.1,24.55,1,24.60,23,14.27
301,1702,南僑,"387,056",327,"16,645,415",42.75,43.15,42.70,43.15,+,0.4,43.10,15,43.15,8,12.29
302,1707,葡萄王,"187,227",176,"33,736,041",180.00,181.00,180.00,180.00, ,0.0,180.00,83,180.50,2,19.13
303,1708,東鹼,"432,187",243,"10,186,200",23.50,23.65,23.45,23.65,+,0.25,23.60,8,23.70,28,27.18
304,1709,和益,"386,326",203,"5,531,775",14.30,14.40,14.25,14.30,+,0.1,14.30,42,14.35,79,21.67
305,1710,東聯,"11,291,629","1,477","196,543,397",17.35,17.75,17.35,17.35, ,0.0,17.35,764,17.65,7,0.00
306,1711,永光,"5,462,645","2,149","93,575,418",17.20,17.45,17.00,17.20,-,0.15,17.15,1,17.20,85,39.09
307,1712,興農,"1,014,364",257,"19,645,028",20.30,20.35,20.25,20.30,-,0.1,20.30,19,20.35,24,13.10
308,1713,國化,"20,703",16,"370,647",17.85,18.00,17.85,18.00,+,0.15,17.95,12,18.00,6,47.37
309,1714,和桐,"10,093,303","2,937","110,774,819",10.85,11.10,10.80,10.90,+,0.15,10.90,243,10.95,43,5.89
310,1717,長興,"7,314,898","2,774","256,172,464",34.65,35.20,34.60,35.20,+,0.65,35.15,82,35.20,95,22.00
311,1718,中纖,"11,492,107","2,752","92,836,392",8.00,8.14,8.00,8.07,+,0.09,8.07,93,8.08,39,0.00
312,1720,生達,"324,493",247,"12,673,427",38.90,39.30,38.85,39.00, ,0.0,39.00,7,39.05,4,15.29
313,1721,三晃,"623,911",270,"6,763,599",10.85,10.90,10.80,10.85,+,0.05,10.80,44,10.85,6,4.09
314,1722,台肥,"2,153,925",888,"113,165,826",52.30,52.80,52.00,52.80,+,0.6,52.40,24,52.80,20,20.15
315,1723,中碳,"461,077",379,"43,272,738",92.90,94.80,92.80,93.70,+,0.8,93.60,4,93.70,45,23.84
316,1724,台硝,"49,000",27,"631,050",12.80,12.95,12.80,12.95,+,0.05,12.90,3,13.00,8,31.59
317,1725,元禎,"14,000",12,"200,150",14.25,14.35,14.25,14.30,+,0.1,14.25,23,14.35,2,15.21
318,1726,永記,"19,122",18,"1,336,540",69.80,70.00,69.70,70.00,+,0.1,69.90,24,70.00,2,14.86
319,1727,中華化,"65,949",81,"727,260",11.00,11.10,10.95,11.10,+,0.1,11.00,107,11.10,38,0.00
320,1730,花仙子,"71,846",71,"5,094,789",71.10,71.10,70.80,70.90,-,0.2,70.90,17,71.00,2,17.00
321,1731,美吾華,"783,150",371,"13,667,814",17.55,17.60,17.35,17.45,-,0.1,17.40,38,17.45,1,17.28
322,1732,毛寶,"139,031",98,"3,282,693",23.40,23.80,23.40,23.55,+,0.15,23.55,1,23.60,9,23.55
323,1733,五鼎,"172,160",122,"4,399,330",25.35,25.75,25.35,25.40, ,0.0,25.40,4,25.50,3,24.42
324,1734,杏輝,"8,510,023","4,929","359,925,806",41.10,43.30,41.10,42.05,+,0.6,42.05,65,42.10,6,116.81
325,1735,日勝化,"3,000",3,"50,650",16.80,17.05,16.80,17.05,+,0.5,17.00,3,17.15,1,31.00
326,1736,喬山,"572,114",397,"39,227,822",68.10,69.10,67.40,68.90,+,0.8,68.90,3,69.00,10,26.60
327,1737,臺鹽,"728,087",342,"22,578,234",30.80,31.25,30.80,31.05,+,0.3,31.05,18,31.10,22,20.16
328,1760,寶齡富錦,"4,655,921","3,374","623,967,072",133.00,136.50,132.00,132.00, ,0.0,132.00,61,132.50,15,148.31
329,1762,中化生,"13,716,542","7,706","938,815,021",67.70,70.80,66.40,66.50,-,0.2,66.50,21,66.60,10,11.18
330,1773,勝一,"360,912",169,"37,221,890",102.50,104.50,102.50,104.00,+,1.5,104.00,11,104.50,28,14.79
331,1776,展宇,"18,000",17,"282,000",15.60,15.80,15.55,15.70,-,0.05,15.70,1,15.80,6,31.40
332,1783,和康生,"157,000",102,"3,798,200",24.00,24.30,23.95,24.25,+,0.35,24.20,3,24.25,27,29.22
333,1786,科妍,"659,904",510,"49,048,282",74.30,74.80,73.70,74.60,+,1.3,74.40,2,74.60,9,34.86
334,1789,神隆,"1,944,081","1,153","63,680,455",32.30,33.15,32.30,32.90,+,0.6,32.85,1,32.90,20,94.00
335,1795,美時,"5,191,536","3,681","441,524,150",83.80,86.50,83.60,85.00,+,2.2,84.90,19,85.00,66,27.16
336,1802,台玻,"9,475,376","2,836","126,676,237",13.40,13.55,13.20,13.30,-,0.1,13.30,70,13.35,30,0.00
337,1805,寶徠,"614,482",192,"6,128,839",9.29,10.10,9.21,10.10,+,0.9,10.10,97,--,0,0.00
338,1806,冠軍,"2,125,421",540,"13,781,485",6.36,6.60,6.36,6.44,+,0.08,6.44,6,6.45,11,0.00
339,1808,潤隆,"924,313",599,"68,943,675",73.20,75.00,73.20,75.00,+,1.8,74.90,3,75.00,94,36.41
340,1809,中釉,"4,457,155","1,583","53,179,896",12.10,12.15,11.80,11.80,-,0.45,11.80,65,11.85,12,0.00
341,1810,和成,"12,210,650","3,734","120,700,272",9.62,10.05,9.62,9.88,+,0.4,9.87,29,9.88,5,28.23
342,1817,凱撒衛,"86,325",52,"2,669,025",30.90,31.00,30.70,30.75,+,0.1,30.75,1,30.80,1,11.78
343,1903,士紙,"1,113,789",759,"73,442,378",63.90,67.60,63.00,67.60,+,4.0,67.40,1,67.60,9,0.00
344,1904,正隆,"16,946,105","7,999","552,965,524",31.75,33.10,31.55,32.90,+,1.15,32.80,4,32.90,10,11.50
345,1905,華紙,"8,660,071","2,697","82,230,267",9.30,9.70,9.29,9.31,+,0.04,9.31,106,9.34,5,0.00
346,1906,寶隆,"418,100",161,"6,299,569",15.10,15.20,14.90,14.90, ,0.0,14.90,59,14.95,3,27.59
347,1907,永豐餘,"4,908,081","1,789","91,084,935",18.40,18.70,18.40,18.70,+,0.3,18.65,10,18.70,119,8.82
348,1909,榮成,"12,900,926","3,567","236,791,236",18.20,18.60,18.20,18.25,+,0.05,18.20,379,18.25,2,40.56
349,2002,中鋼,"23,993,224","4,182","498,461,389",20.90,20.95,20.70,20.70,-,0.2,20.70,"1,648",20.75,58,0.00
350,2002A,中鋼特,"15,068",12,"793,604",52.60,52.80,52.60,52.80, ,0.0,52.60,1,52.80,29,0.00
351,2006,東和鋼鐵,"10,184,994","4,779","301,946,459",30.00,30.10,29.25,29.50,-,0.7,29.50,58,29.55,40,14.53
352,2007,燁興,"3,842,168","1,449","28,993,423",7.14,7.73,7.14,7.72,+,0.68,7.71,20,7.72,3,0.00
353,2008,高興昌,"54,499",40,"726,485",13.20,13.50,13.20,13.45,+,0.25,13.45,10,13.50,11,0.00
354,2009,第一銅,"1,301,999",521,"12,980,478",9.90,10.10,9.88,9.96,+,0.16,9.96,8,9.98,10,0.00
355,2010,春源,"1,499,721",524,"16,949,660",11.30,11.40,11.25,11.30,+,0.05,11.30,126,11.35,102,25.11
356,2012,春雨,"39,217",45,"664,158",16.90,17.00,16.80,17.00,+,0.05,17.00,69,17.05,5,14.91
357,2013,中鋼構,"1,980,655","1,161","62,704,562",31.30,32.10,31.20,31.40,+,0.15,31.40,24,31.50,1,14.27
358,2014,中鴻,"5,935,701","1,895","59,020,497",9.86,10.05,9.86,9.87,+,0.01,9.87,38,9.92,2,0.00
359,2015,豐興,"407,479",248,"23,495,789",57.30,57.80,57.30,57.60,+,0.1,57.60,3,57.80,24,16.84
360,2017,官田鋼,"1,658,523",366,"15,126,847",9.03,9.20,9.03,9.06, ,0.0,9.06,6,9.07,11,0.00
361,2020,美亞,"5,051,640","1,810","86,588,800",17.25,17.45,16.80,16.80,-,0.2,16.80,137,16.90,4,13.12
362,2022,聚亨,"1,259,785",373,"7,430,064",5.82,5.98,5.80,5.91,+,0.08,5.90,20,5.91,10,0.00
363,2023,燁輝,"3,721,993","1,228","39,224,108",10.45,10.70,10.45,10.45,-,0.05,10.40,417,10.45,1,0.00
364,2024,志聯,"5,114",7,"76,347",14.75,15.00,14.75,15.00,-,0.2,14.95,10,15.00,2,0.00
365,2025,千興,"2,090,264",371,"6,471,347",3.04,3.18,3.04,3.04,+,0.04,3.04,214,3.05,27,0.00
366,2027,大成鋼,"4,457,165","1,388","93,094,265",20.75,21.00,20.75,21.00,+,0.25,20.90,8,21.00,99,0.00
367,2028,威致,"186,549",72,"1,924,075",10.20,10.50,10.20,10.35,+,0.3,10.30,2,10.35,16,19.90
368,2029,盛餘,"102,429",73,"1,954,821",18.95,19.15,18.95,19.15,+,0.1,19.10,7,19.15,9,0.00
369,2030,彰源,"369,700",148,"3,963,629",10.70,10.80,10.60,10.80,+,0.15,10.75,19,10.80,128,28.42
370,2031,新光鋼,"6,632,322","2,764","227,957,454",34.40,34.95,33.70,34.35,-,0.1,34.30,22,34.35,9,52.85
371,2032,新鋼,"1,400,620",566,"15,087,394",10.85,11.00,10.65,10.75,-,0.25,10.75,22,10.80,28,25.00
372,2033,佳大,"144,757",65,"1,516,048",10.25,10.55,10.25,10.45,+,0.25,10.40,14,10.45,4,20.90
373,2034,允強,"342,700",188,"8,132,088",23.65,23.80,23.65,23.70,+,0.05,23.70,11,23.75,30,21.35
374,2038,海光,"2,508,902",674,"26,373,020",10.55,10.65,10.35,10.60,+,0.15,10.55,15,10.60,11,0.00
375,2049,上銀,"6,272,191","3,696","1,884,880,373",307.00,307.00,299.00,300.00,-,8.0,299.50,72,300.00,79,107.53
376,2059,川湖,"296,822",243,"88,190,778",300.00,300.00,296.00,296.00,-,2.0,296.00,3,298.00,3,20.36
377,2062,橋椿,"130,168",88,"3,406,718",26.25,26.40,26.05,26.10,X,0.0,26.10,5,26.15,3,0.00
378,2069,運錩,"25,771",21,"384,315",15.00,15.00,14.85,14.85,-,0.2,14.85,37,14.90,1,0.00
379,2101,南港,"1,894,645","1,295","89,569,356",47.40,47.60,47.00,47.60,+,0.25,47.55,4,47.60,4,38.70
380,2102,泰豐,"1,285,647",497,"28,100,383",21.90,22.15,21.65,21.80,-,0.1,21.80,23,21.85,13,0.00
381,2103,台橡,"4,078,001","1,447","76,670,313",18.60,18.95,18.60,18.80,+,0.2,18.75,133,18.80,46,235.00
382,2104,國際中橡,"5,677,077","1,606","116,757,267",20.50,20.80,20.30,20.75,+,0.4,20.70,12,20.75,92,0.00
383,2105,正新,"3,196,280","1,010","120,500,242",37.90,37.90,37.55,37.70,-,0.2,37.70,22,37.75,18,121.61
384,2106,建大,"762,966",431,"22,597,981",29.55,29.80,29.40,29.80,+,0.25,29.70,62,29.80,17,51.38
385,2107,厚生,"1,148,704",625,"24,151,538",21.05,21.15,20.85,20.95, ,0.0,20.90,48,20.95,1,9.39
386,2108,南帝,"7,530,359","4,109","372,970,365",48.50,50.70,48.50,49.10,+,0.8,49.10,55,49.20,5,17.79
387,2109,華豐,"869,872",261,"10,794,997",12.25,12.70,12.25,12.60,+,0.35,12.50,7,12.60,2,50.40
388,2114,鑫永銓,"40,148",41,"3,247,515",80.30,81.20,80.30,81.20,+,0.3,81.10,4,81.30,4,14.93
389,2115,六暉-KY,"33,010",31,"1,363,514",41.25,41.40,41.20,41.30,+,0.1,41.30,13,41.35,3,6.57
390,2201,裕隆,"5,110,156","1,735","123,568,008",24.00,24.40,23.80,24.30,+,0.55,24.25,23,24.30,23,0.00
391,2204,中華,"1,116,581",653,"48,060,767",42.75,43.30,42.65,43.15,+,0.55,43.05,1,43.15,24,0.00
392,2206,三陽工業,"925,038",496,"22,063,595",23.85,23.95,23.80,23.80,-,0.1,23.80,26,23.85,1,18.45
393,2207,和泰車,"611,622",463,"402,208,764",641.00,667.00,637.00,667.00,+,26.0,667.00,16,668.00,3,28.17
394,2208,台船,"1,254,576",685,"31,564,833",25.00,25.40,24.95,24.95,+,0.1,24.95,21,25.00,99,0.00
395,2227,裕日車,"122,655",113,"31,131,816",252.00,255.00,252.00,255.00,+,3.0,253.50,2,255.00,11,13.06
396,2228,劍麟,"145,618",128,"11,589,254",79.60,79.80,79.00,79.70,+,1.0,79.60,1,79.70,1,16.96
397,2231,為升,"2,057,587","1,794","360,118,140",174.00,179.00,170.50,177.50,+,4.0,177.00,29,177.50,28,47.84
398,2233,宇隆,"542,826",385,"40,780,783",74.80,75.80,74.50,74.80,+,0.1,74.80,7,74.90,6,16.23
399,2236,百達-KY,"34,000",20,"605,350",17.85,17.95,17.55,17.90,+,0.2,17.90,3,17.95,5,24.52
400,2239,英利-KY,"400,562",332,"32,217,444",79.60,81.50,78.60,81.20,+,2.9,80.70,1,81.20,3,27.90
401,2241,艾姆勒,"184,200",135,"10,064,820",54.20,55.00,54.00,54.70,+,0.7,54.60,5,54.70,1,86.83
402,2243,宏旭-KY,"338,009",172,"4,335,967",12.65,13.30,12.35,13.10,+,0.4,13.05,3,13.10,10,0.00
403,2301,光寶科,"6,045,336","2,298","282,730,715",46.75,46.95,46.60,46.85,-,0.25,46.75,13,46.85,35,10.34
404,2302,麗正,"3,337,055","1,319","48,415,148",13.80,15.10,13.75,14.85,+,1.1,14.85,38,14.90,8,0.00
405,2303,聯電,"136,993,058","32,735","3,565,115,372",26.00,26.40,25.80,25.80,+,0.05,25.80,"2,256",25.85,"1,062",20.00
406,2305,全友,"1,638,166",558,"12,787,083",7.81,7.90,7.69,7.81,-,0.04,7.81,4,7.82,43,195.25
407,2308,台達電,"6,990,617","2,519","1,332,414,229",190.00,191.00,188.00,191.00, ,0.0,191.00,31,191.50,292,24.97
408,2312,金寶,"10,142,075","2,150","112,626,677",11.05,11.20,11.00,11.10,+,0.1,11.05,238,11.10,159,50.45
409,2313,華通,"10,432,060","5,182","490,884,020",47.05,47.45,46.85,46.95,-,0.05,46.95,136,47.00,15,11.56
410,2314,台揚,"1,036,097",537,"24,882,362",24.00,24.15,23.85,24.00,+,0.15,24.00,8,24.05,2,0.00
411,2316,楠梓電,"730,729",395,"22,738,008",31.05,31.40,30.95,31.00,-,0.05,31.00,24,31.05,25,13.90
412,2317,鴻海,"32,663,875","9,826","2,538,932,050",77.90,78.20,77.50,77.60,-,0.5,77.60,"1,669",77.70,17,10.40
413,2321,東訊,"3,067,604",729,"13,036,984",3.96,4.35,3.96,4.35,+,0.39,4.35,193,--,0,0.00
414,2323,中環,"9,899,414","2,347","81,816,333",8.18,8.34,8.16,8.29,+,0.16,8.29,7,8.30,205,0.00
415,2324,仁寶,"15,394,523","3,574","301,342,044",19.45,19.70,19.35,19.70,+,0.3,19.65,5,19.70,"1,728",13.40
416,2327,國巨,"2,907,671","2,251","1,040,028,870",359.50,359.50,356.00,357.00,-,0.5,357.00,121,357.50,5,20.51
417,2328,廣宇,"1,214,026",485,"21,958,165",18.00,18.20,18.00,18.10,+,0.1,18.10,55,18.15,95,12.31
418,2329,華泰,"2,184,266",547,"24,378,933",11.15,11.25,11.05,11.15, ,0.0,11.10,250,11.15,14,223.00
419,2330,台積電,"52,999,922","20,849","23,598,268,654",447.00,449.50,443.00,444.00,-,4.5,444.00,320,444.50,3,25.31
420,2331,精英,"1,495,299",884,"18,887,267",12.65,12.75,12.55,12.55,-,0.15,12.55,168,12.60,5,26.15
421,2332,友訊,"13,959,971","4,053","261,672,649",18.55,19.10,18.35,18.45,-,0.1,18.40,142,18.50,37,0.00
422,2337,旺宏,"15,323,640","5,487","496,149,758",32.60,32.65,32.15,32.45, ,0.0,32.40,35,32.45,629,11.67
423,2338,光罩,"1,805,016",816,"53,022,215",29.45,29.60,29.10,29.30,+,0.05,29.30,52,29.35,52,36.62
424,2340,光磊,"17,078,635","7,588","408,350,883",24.40,24.55,23.45,23.70,-,0.75,23.65,13,23.70,75,17.56
425,2342,茂矽,"1,797,148","1,011","53,259,888",29.95,30.20,29.20,29.60,-,0.15,29.50,11,29.60,7,0.00
426,2344,華邦電,"33,707,864","7,962","466,312,822",13.90,14.05,13.70,13.70,-,0.1,13.70,715,13.75,"1,176",54.80
427,2345,智邦,"2,431,771","1,675","532,082,620",217.00,220.50,216.50,219.50,+,3.5,219.00,60,219.50,15,24.47
428,2347,聯強,"2,754,276","1,016","116,550,530",42.50,42.50,42.15,42.35, ,0.0,42.30,15,42.35,38,9.89
429,2348,海悅,"245,019",204,"22,977,370",93.70,94.30,93.30,93.70,-,0.3,93.70,5,93.80,2,9.85
430,2349,錸德,"12,108,090","2,823","74,298,463",6.19,6.22,6.09,6.11,-,0.07,6.11,236,6.12,10,0.00
431,2351,順德,"2,101,574","1,464","123,688,366",58.00,60.30,57.60,58.70,+,0.7,58.70,7,58.90,2,35.79
432,2352,佳世達,"3,825,895","1,320","75,229,076",19.80,19.85,19.60,19.60,-,0.15,19.60,194,19.65,53,13.61
433,2353,宏碁,"20,504,009","6,472","524,578,455",25.90,25.95,25.50,25.50,-,0.2,25.50,635,25.60,295,23.39
434,2354,鴻準,"3,539,855","1,519","187,135,244",53.00,53.40,52.60,52.60,-,0.3,52.60,94,52.80,4,11.59
435,2355,敬鵬,"3,575,497","1,665","98,344,714",26.80,27.75,26.80,27.40,+,0.6,27.40,51,27.45,18,26.10
436,2356,英業達,"11,741,152","2,247","269,801,196",22.90,23.05,22.80,23.05,+,0.15,23.00,44,23.05,194,11.58
437,2357,華碩,"3,580,902","1,719","920,184,848",256.00,258.50,253.00,258.50,+,2.5,258.00,17,258.50,171,13.26
438,2358,廷鑫,"89,478",44,"1,331,574",15.00,15.00,14.75,14.95, ,0.0,14.85,2,14.95,18,62.29
439,2359,所羅門,"349,338",198,"6,699,468",19.20,19.30,19.10,19.15,+,0.15,19.15,23,19.20,44,18.24
440,2360,致茂,"1,004,811",669,"165,119,315",162.50,166.00,161.50,166.00,+,3.5,165.50,5,166.00,22,32.55
441,2362,藍天,"1,265,259",630,"39,402,829",30.95,31.55,30.95,31.15,+,0.2,31.10,2,31.15,1,45.81
442,2363,矽統,"10,331,405","2,894","138,117,503",13.50,13.60,13.20,13.30,-,0.05,13.25,228,13.30,59,0.00
443,2364,倫飛,"1,507,274",329,"6,375,752",4.23,4.23,4.23,4.23,+,0.38,4.23,"3,076",--,0,0.00
444,2365,昆盈,"2,722,639",855,"28,700,613",10.15,10.75,10.15,10.70,+,0.4,10.70,28,10.75,207,14.27
445,2367,燿華,"7,092,976","2,948","156,336,622",22.25,22.35,21.90,21.95,-,0.3,21.95,90,22.00,107,38.51
446,2368,金像電,"19,147,228","9,218","936,129,503",48.60,49.40,48.25,49.40,+,0.9,49.35,26,49.40,123,17.09
447,2369,菱生,"2,272,098",622,"26,499,579",11.85,11.85,11.55,11.65, ,0.0,11.65,10,11.70,111,0.00
448,2371,大同,"31,809,558","1,108","506,123,978",16.65,16.75,15.85,15.85,-,0.85,15.80,997,15.85,"50,231",8.39
449,2373,震旦行,"33,221",38,"2,886,779",86.70,87.10,86.70,87.00,+,0.3,86.90,21,87.00,7,15.59
450,2374,佳能,"1,379,419",624,"18,427,259",13.05,13.50,13.05,13.45,+,0.4,13.40,1,13.45,41,0.00
451,2375,凱美,"675,126",497,"28,799,779",42.65,42.90,42.40,42.40,-,0.15,42.40,12,42.45,2,13.33
452,2376,技嘉,"2,754,292","1,827","226,001,321",82.00,82.50,81.70,82.30,+,1.0,82.20,4,82.30,29,17.11
453,2377,微星,"15,114,951","4,658","2,114,606,640",139.00,142.00,137.00,140.50,+,2.0,140.00,3,140.50,3,18.61
454,2379,瑞昱,"5,840,820","3,217","2,217,205,240",374.00,382.00,373.50,382.00,+,11.5,381.00,1,382.00,128,27.00
455,2380,虹光,"2,972,513",603,"18,351,835",5.76,6.22,5.74,6.22,+,0.56,6.22,"5,076",--,0,0.00
456,2382,廣達,"10,013,346","3,507","781,793,204",78.30,78.70,77.70,78.10,-,0.5,78.00,94,78.10,18,17.02
457,2383,台光電,"2,324,938","1,675","370,426,106",159.00,160.50,158.00,159.00,+,1.0,159.00,14,159.50,36,14.01
458,2385,群光,"3,109,310","1,686","263,058,905",84.90,85.50,84.00,84.80,+,0.1,84.70,4,84.80,209,11.16
459,2387,精元,"7,951,945","4,905","573,627,520",72.00,73.70,70.50,70.60,-,0.5,70.60,35,70.80,3,43.85
460,2388,威盛,"1,483,089",787,"59,182,293",39.00,40.70,39.00,40.70,+,1.7,39.50,1,40.70,3,0.00
461,2390,云辰,"2,685,936","1,185","48,725,448",18.00,18.40,17.95,18.00, ,0.0,17.95,64,18.05,27,22.78
462,2392,正崴,"1,408,611",836,"58,408,752",41.40,41.75,41.20,41.75,+,0.4,41.55,1,41.75,1,9.49
463,2393,億光,"4,008,120","1,936","154,064,302",39.15,39.15,38.05,38.45,-,0.45,38.30,1,38.45,25,17.64
464,2395,研華,"1,020,989",659,"299,822,250",294.00,295.50,291.50,294.00,+,2.5,293.50,3,294.00,41,27.71
465,2397,友通,"19,000",16,"1,284,800",66.90,68.00,66.90,67.90,+,0.7,67.90,16,68.00,4,15.68
466,2399,映泰,"1,675,814",606,"19,038,065",11.40,11.50,11.25,11.25, ,0.0,11.20,61,11.25,6,28.12
467,2401,凌陽,"14,513,842","4,738","211,999,680",14.30,14.80,14.25,14.80,+,0.55,14.75,20,14.80,304,0.00
468,2402,毅嘉,"612,537",261,"10,316,719",16.85,16.95,16.70,16.90,+,0.1,16.90,51,16.95,50,37.56
469,2404,漢唐,"1,047,421",832,"211,017,621",201.50,203.00,200.50,201.00,+,1.0,201.00,6,201.50,5,11.94
470,2405,浩鑫,"1,744,019",562,"16,417,797",9.22,9.52,9.22,9.45,+,0.23,9.45,69,9.46,41,135.00
471,2406,國碩,"6,485,508","2,981","106,550,095",16.15,16.80,16.05,16.40,+,0.35,16.40,43,16.45,41,0.00
472,2408,南亞科,"16,460,482","7,872","935,164,713",57.40,57.60,56.30,56.30,-,0.5,56.30,478,56.40,2,20.04
473,2409,友達,"94,294,289","12,295","1,124,154,940",12.05,12.10,11.80,11.90,-,0.2,11.90,"7,366",11.95,306,0.00
474,2412,中華電,"7,516,240","2,391","817,985,160",108.50,109.00,108.00,109.00, ,0.0,108.50,657,109.00,"1,638",25.83
475,2413,環科,"229,643",150,"3,752,634",16.35,16.50,16.20,16.25,-,0.05,16.20,27,16.30,6,0.00
476,2414,精技,"92,165",64,"2,299,964",25.05,25.10,24.85,25.05,+,0.05,24.90,3,25.05,9,12.46
477,2415,錩新,"90,690",48,"1,433,731",15.75,15.95,15.70,15.75,-,0.05,15.75,13,15.85,15,0.00
478,2417,圓剛,"41,731,989","24,066","2,775,060,763",64.20,68.60,64.00,65.80,+,1.8,65.80,56,65.90,7,62.67
479,2419,仲琦,"722,948",229,"15,882,067",22.00,22.15,21.80,21.85, ,0.0,21.85,26,21.90,2,32.13
480,2420,新巨,"173,000",97,"5,605,950",32.35,32.50,32.30,32.50,+,0.2,32.45,9,32.50,4,11.17
481,2421,建準,"4,625,808","3,159","295,731,204",63.70,64.90,63.20,63.20,+,0.1,63.20,9,63.30,2,16.85
482,2423,固緯,"119,150",87,"2,671,124",22.45,22.50,22.25,22.50,+,0.15,22.45,1,22.50,7,13.31
483,2424,隴華,0,0,0,--,--,--,--, ,0.0,14.65,2,15.20,2,0.00
484,2425,承啟,"270,332",188,"6,872,998",25.80,25.80,25.30,25.30,-,0.2,25.30,20,25.45,1,25.05
485,2426,鼎元,"2,455,762",839,"40,095,390",16.35,16.45,16.20,16.20,-,0.05,16.20,184,16.25,11,11.65
486,2427,三商電,"145,001",53,"1,557,960",10.80,10.80,10.70,10.80,+,0.05,10.70,23,10.80,41,14.21
487,2428,興勤,"281,050",190,"29,148,400",104.50,104.50,103.00,103.50,-,1.0,103.50,35,104.00,6,11.50
488,2429,銘旺科,"44,353",35,"760,753",17.10,17.35,16.95,17.00,-,0.1,17.00,1,17.15,2,0.00
489,2430,燦坤,"133,255",72,"2,531,027",19.00,19.10,18.90,19.00,+,0.1,19.00,6,19.10,19,13.01
490,2431,聯昌,"662,273",245,"7,136,219",10.75,10.95,10.65,10.70,+,0.05,10.70,44,10.75,38,20.58
491,2433,互盛電,"10,200",13,"500,040",48.90,49.15,48.90,49.15,+,0.15,49.10,14,49.20,2,12.38
492,2434,統懋,"18,390",46,"449,653",24.80,24.80,24.50,24.50,-,0.3,24.00,23,24.50,56,0.00
493,2436,偉詮電,"2,193,235","1,263","69,157,184",31.50,31.85,31.30,31.35,+,0.1,31.35,12,31.40,36,28.24
494,2438,翔耀,"148,797",56,"990,185",6.60,6.80,6.60,6.74,+,0.18,6.73,6,6.74,7,134.80
495,2439,美律,"956,860",653,"149,318,946",157.00,157.00,155.00,156.50, ,0.0,156.00,3,156.50,39,19.13
496,2440,太空梭,"2,095,509",908,"27,683,239",12.95,13.60,12.80,13.20,+,0.2,13.20,39,13.25,14,20.31
497,2441,超豐,"799,650",523,"41,521,640",52.30,52.30,51.60,51.90, ,0.0,51.70,10,51.90,22,12.98
498,2442,新美齊,"6,189,709","1,680","69,539,714",10.85,11.50,10.80,11.35,+,0.55,11.35,40,11.40,80,0.00
499,2443,億麗,"711,499",215,"3,127,673",4.40,4.46,4.33,4.46,+,0.13,4.40,2,4.46,24,0.00
500,2444,兆勁,"260,008",103,"3,751,415",14.45,14.50,14.35,14.45, ,0.0,14.40,1,14.45,51,0.00
501,2448,晶電,"52,398,408","24,233","2,120,020,069",41.90,42.30,39.90,40.10,-,1.8,40.10,183,40.15,29,0.00
502,2449,京元電子,"8,376,570","3,104","259,783,706",31.00,31.30,30.80,31.30,+,0.35,31.20,6,31.30,257,9.48
503,2450,神腦,"134,460",83,"3,918,363",29.20,29.25,28.85,29.25,+,0.05,29.20,20,29.25,5,17.52
504,2451,創見,"1,028,145",748,"65,540,680",64.00,64.00,63.50,63.50,-,0.5,63.50,9,63.80,19,16.41
505,2453,凌群,"495,166",179,"8,610,471",17.50,17.55,17.30,17.30,-,0.15,17.30,28,17.35,4,13.01
506,2454,聯發科,"11,402,876","7,318","6,880,435,732",599.00,611.00,591.00,611.00,+,12.0,610.00,4,611.00,15,36.99
507,2455,全新,"944,788",702,"79,728,567",84.40,85.40,83.90,84.10,-,0.3,84.10,15,84.20,5,28.13
508,2456,奇力新,"6,610,698","4,577","670,243,644",101.50,102.50,100.50,100.50,-,0.5,100.50,159,101.00,52,18.86
509,2457,飛宏,"6,598,356","1,936","71,155,471",10.50,11.00,10.50,10.95,+,0.45,10.95,38,11.00,583,0.00
510,2458,義隆,"5,257,777","3,606","820,559,080",157.50,158.50,154.50,157.00,-,0.5,156.50,4,157.00,39,17.33
511,2459,敦吉,"182,681",126,"7,576,722",41.50,41.60,41.35,41.50,+,0.2,41.50,8,41.55,32,9.61
512,2460,建通,"331,161",132,"4,290,878",13.15,13.15,12.85,12.95,-,0.1,12.95,8,13.00,22,0.00
513,2461,光群雷,"3,837,900","1,256","63,844,455",16.40,16.85,16.40,16.50,-,0.15,16.50,17,16.60,6,0.00
514,2462,良得電,"135,050",49,"3,389,350",25.15,25.15,25.00,25.05,-,0.1,25.00,11,25.15,1,21.97
515,2464,盟立,"1,682,623",989,"72,715,263",42.80,43.80,42.60,43.80,+,1.35,43.75,1,43.80,3,17.18
516,2465,麗臺,"305,520",163,"4,059,713",13.45,13.50,13.20,13.25,-,0.05,13.25,11,13.30,81,60.23
517,2466,冠西電,"108,000",77,"3,252,850",30.00,30.25,30.00,30.15,+,0.05,30.10,4,30.15,10,0.00
518,2467,志聖,"199,000",134,"5,564,700",28.15,28.15,27.85,27.90, ,0.0,27.85,12,27.90,10,14.09
519,2468,華經,"70,018",48,"974,397",14.00,14.00,13.80,14.00,+,0.05,13.95,10,14.00,6,20.29
520,2471,資通,"270,001",147,"5,581,770",21.10,21.10,20.45,20.90,+,0.25,20.50,11,20.90,3,19.00
521,2472,立隆電,"887,090",596,"47,751,903",54.00,54.20,53.40,53.40,-,0.4,53.40,16,53.50,31,12.99
522,2474,可成,"4,272,879","2,343","793,738,494",187.00,188.00,185.00,185.00,-,1.0,185.00,114,186.00,20,10.41
523,2476,鉅祥,"50,000",36,"960,350",19.20,19.25,19.15,19.25, ,0.0,19.20,16,19.25,3,16.18
524,2477,美隆電,"117,500",83,"2,834,625",24.15,24.30,23.95,24.05,+,0.05,24.00,3,24.05,4,14.58
525,2478,大毅,"1,130,101",834,"79,981,820",71.10,71.40,70.40,70.50,-,0.1,70.50,6,70.60,1,14.57
526,2480,敦陽科,"381,248",269,"24,352,640",64.00,64.30,63.50,63.90,+,0.1,63.90,6,64.00,28,14.72
527,2481,強茂,"23,226,809","11,265","886,140,296",38.60,39.00,37.50,37.60,-,0.6,37.60,85,37.65,7,18.80
528,2482,連宇,"238,158",158,"2,593,679",10.75,11.00,10.75,10.85,+,0.15,10.80,25,10.85,1,32.88
529,2483,百容,"42,000",30,"800,550",19.20,19.20,19.00,19.05,+,0.05,19.00,3,19.05,2,15.49
530,2484,希華,"1,563,807",587,"35,342,645",22.30,22.75,22.30,22.50,+,0.2,22.50,8,22.55,1,26.47
531,2485,兆赫,"8,124,448","3,521","160,768,299",19.00,20.35,19.00,19.85,+,0.85,19.85,15,19.90,38,0.00
532,2486,一詮,"17,648,096","3,874","221,367,028",11.80,12.90,11.60,12.90,+,1.15,12.90,"13,076",--,0,0.00
533,2488,漢平,"1,090,366",306,"35,356,041",32.45,32.50,32.35,32.45,+,0.05,32.40,47,32.45,38,12.93
534,2489,瑞軒,"2,496,018",770,"26,240,974",10.45,10.65,10.35,10.65,+,0.2,10.60,131,10.65,145,0.00
535,2491,吉祥全,"155,200",83,"1,292,258",8.22,8.42,8.22,8.42,+,0.21,8.41,2,8.42,5,1.52
536,2492,華新科,"2,126,028","1,537","349,238,098",165.00,165.50,163.00,164.50,+,0.5,164.00,57,164.50,88,14.65
537,2493,揚博,"2,174,378","1,236","72,575,586",33.25,33.60,33.20,33.60,+,0.95,33.55,3,33.60,11,13.44
538,2495,普安,"1,102,100",346,"14,292,850",12.60,13.15,12.60,13.00,+,0.3,12.95,1,13.00,5,0.00
539,2496,卓越,"11,202",12,"686,902",61.20,61.80,61.20,61.80,+,0.6,61.50,1,61.80,8,16.05
540,2497,怡利電,"86,001",47,"1,464,067",17.05,17.15,17.00,17.10,+,0.1,17.05,40,17.10,13,0.00
541,2498,宏達電,"3,953,998","1,487","119,404,018",30.35,30.40,30.10,30.10,-,0.15,30.10,191,30.25,3,0.00
542,2501,國建,"654,203",358,"13,259,246",20.10,20.35,20.10,20.35,+,0.2,20.30,48,20.35,53,24.82
543,2504,國產,"9,393,906","3,414","225,488,344",23.60,24.10,23.60,24.10,+,0.35,24.05,31,24.10,432,18.40
544,2505,國揚,"3,156,710","1,318","88,144,101",28.00,28.05,27.80,27.85,-,0.1,27.85,21,27.90,34,4.24
545,2506,太設,"246,480",98,"2,370,853",9.75,9.75,9.58,9.60,+,0.03,9.60,49,9.61,41,0.00
546,2509,全坤建,"296,216",153,"5,984,782",19.95,20.45,19.90,20.45,+,0.75,20.45,24,20.50,7,26.56
547,2511,太子,"2,849,559",858,"30,477,293",10.70,10.80,10.60,10.70,+,0.05,10.70,9,10.75,102,36.90
548,2514,龍邦,"142,169",59,"1,990,116",13.90,14.05,13.90,14.00,+,0.1,14.00,10,14.05,15,24.56
549,2515,中工,"4,992,849","1,052","41,270,044",8.27,8.33,8.23,8.24,-,0.02,8.24,3,8.25,8,31.69
550,2516,新建,"353,950",120,"1,875,722",5.28,5.33,5.26,5.31,+,0.03,5.29,24,5.32,8,0.00
551,2520,冠德,"1,811,106",971,"72,522,919",40.35,40.35,39.70,40.10,+,0.1,40.00,21,40.10,106,10.75
552,2524,京城,"317,568",98,"12,744,561",39.80,40.20,39.80,40.15,+,0.15,40.15,5,40.20,17,9.67
553,2527,宏璟,"199,830",94,"3,787,993",18.90,19.05,18.90,19.05,+,0.15,19.05,6,19.10,16,7.24
554,2528,皇普,"132,000",49,"3,138,650",23.70,23.90,23.70,23.80,+,0.05,23.75,35,23.80,7,0.00
555,2530,華建,"529,716",177,"8,313,825",15.80,15.80,15.60,15.80, ,0.0,15.75,1,15.80,13,0.00
556,2534,宏盛,"798,756",457,"14,647,103",18.35,18.45,18.25,18.30,+,0.05,18.25,52,18.30,32,11.30
557,2535,達欣工,"753,565",364,"18,751,964",24.85,24.95,24.85,24.85, ,0.0,24.85,138,24.90,32,7.84
558,2536,宏普,"555,747",253,"13,404,399",24.05,24.30,24.00,24.30,+,0.25,24.20,31,24.30,12,8.97
559,2537,聯上發,"1,815,265",640,"20,181,937",11.15,11.25,10.95,11.20,+,0.15,11.15,77,11.20,59,0.00
560,2538,基泰,"339,361",132,"3,430,611",10.10,10.15,10.05,10.15,+,0.1,10.10,37,10.15,184,0.00
561,2539,櫻花建,"771,483",178,"24,096,016",31.00,31.30,31.00,31.30,+,0.3,31.10,6,31.30,17,10.26
562,2540,愛山林,"1,063,167",792,"64,279,482",57.80,62.70,57.60,62.40,+,5.4,62.10,13,62.50,8,21.52
563,2542,興富發,"3,440,808","1,688","160,474,902",46.60,46.75,46.50,46.65,+,0.1,46.65,31,46.70,16,20.46
564,2543,皇昌,"1,032,042",268,"7,668,284",6.96,7.53,6.96,7.53,+,0.68,7.53,224,--,0,68.45
565,2545,皇翔,"83,000",55,"3,149,950",38.10,38.10,37.70,38.00,-,0.1,37.95,14,38.00,2,42.70
566,2546,根基,"167,356",147,"8,614,196",51.90,51.90,51.10,51.40,-,0.5,51.40,7,51.50,6,12.15
567,2547,日勝生,"1,605,138",508,"17,375,588",10.95,10.95,10.75,10.85, ,0.0,10.85,46,10.90,168,15.96
568,2548,華固,"575,106",457,"50,732,268",88.30,88.80,87.90,88.20, ,0.0,88.20,1,88.70,3,5.59
569,2597,潤弘,"19,006",21,"1,143,060",60.20,60.30,60.00,60.30,+,0.1,60.20,4,60.30,3,11.51
570,2601,益航,"5,143,115",887,"51,859,645",9.95,10.20,9.93,9.99,+,0.04,9.99,29,10.00,53,0.00
571,2603,長榮,"75,714,239","12,677","1,216,358,724",16.25,16.30,15.85,16.05,-,0.05,16.05,30,16.10,"1,623",29.18
572,2605,新興,"1,689,963",744,"24,915,984",14.80,14.95,14.65,14.75,-,0.05,14.70,12,14.75,10,13.78
573,2606,裕民,"1,556,462",921,"45,286,931",29.20,29.40,28.95,28.95,-,0.25,28.95,42,29.30,6,20.24
574,2607,榮運,"1,039,248",340,"14,653,132",14.00,14.20,14.00,14.15,+,0.1,14.10,42,14.20,162,19.93
575,2608,嘉里大榮,"170,290",98,"6,976,910",40.90,41.10,40.85,40.95, ,0.0,40.95,85,41.00,53,14.02
576,2609,陽明,"7,133,350","1,860","70,684,606",9.93,9.99,9.86,9.88,-,0.03,9.88,48,9.89,101,0.00
577,2610,華航,"34,838,555","8,254","303,181,263",8.80,8.83,8.65,8.66,-,0.16,8.66,263,8.67,3,0.00
578,2611,志信,"194,828",97,"1,457,242",7.42,7.54,7.42,7.48,+,0.02,7.45,15,7.47,1,0.00
579,2612,中航,"66,310",41,"1,655,668",25.00,25.05,24.80,25.00,+,0.15,25.00,21,25.05,6,18.38
580,2613,中櫃,"172,353",77,"2,628,099",15.20,15.40,15.20,15.30,+,0.1,15.30,27,15.35,3,139.09
581,2614,東森,"11,874,985","3,872","200,306,087",16.75,17.10,16.65,16.65,+,0.15,16.65,205,16.70,16,17.71
582,2615,萬海,"3,382,626","1,645","68,807,341",20.20,20.45,20.15,20.30,+,0.1,20.25,106,20.30,128,12.53
583,2616,山隆,"50,141",65,"1,501,707",30.00,30.00,29.90,29.95,-,0.05,29.95,1,30.00,35,13.14
584,2617,台航,"362,111",136,"6,098,569",16.80,16.90,16.80,16.80, ,0.0,16.75,52,16.80,2,11.51
585,2618,長榮航,"10,762,520","1,799","121,988,688",11.40,11.45,11.30,11.30,-,0.1,11.30,124,11.40,"2,192",282.50
586,2630,亞航,"21,000",8,"342,800",16.30,16.40,16.30,16.40,+,0.1,16.35,16,16.45,4,60.74
587,2633,台灣高鐵,"6,113,589","2,848","194,811,760",31.85,32.00,31.70,32.00, ,0.0,31.90,17,32.00,44,33.68
588,2634,漢翔,"1,846,507",971,"55,010,373",29.55,29.95,29.50,29.80,+,0.25,29.80,24,29.85,124,21.29
589,2636,台驊投控,"1,015,635",644,"34,792,812",34.20,34.65,34.00,34.20,-,0.1,34.20,9,34.30,16,12.00
590,2637,慧洋-KY,"1,041,970",509,"23,156,268",22.30,22.35,22.05,22.35,+,0.25,22.30,23,22.35,30,41.39
591,2642,宅配通,"132,500",100,"4,509,774",34.10,34.15,33.85,34.00,-,0.1,34.00,14,34.05,2,17.00
592,2701,萬企,"47,663",26,"571,088",12.00,12.00,11.95,12.00, ,0.0,11.95,26,12.00,5,19.05
593,2702,華園,"105,750",68,"1,694,099",15.95,16.20,15.85,16.05,+,0.05,16.05,5,16.10,7,0.00
594,2704,國賓,"5,456,339","1,372","167,077,944",31.00,32.15,30.35,30.35,-,0.8,30.35,155,30.55,1,70.58
595,2705,六福,"456,817",269,"8,302,663",18.15,18.25,18.10,18.20,+,0.1,18.20,79,18.25,24,0.00
596,2706,第一店,"102,665",98,"1,385,734",13.50,13.55,13.45,13.55,+,0.1,13.50,2,13.55,26,20.22
597,2707,晶華,"264,690",204,"35,646,650",134.50,135.00,134.00,135.00,+,1.0,135.00,2,135.50,17,20.49
598,2712,遠雄來,"5,000",5,"210,300",41.40,42.45,41.40,42.45,-,0.05,42.40,12,42.50,1,303.21
599,2722,夏都,"22,000",17,"618,250",28.25,28.30,28.00,28.10,+,0.1,28.10,22,28.25,10,133.81
600,2723,美食-KY,"586,815",494,"64,293,424",109.50,111.50,108.50,108.50,-,0.5,108.50,13,109.00,17,29.01
601,2727,王品,"584,781",513,"45,186,561",76.50,77.90,76.50,77.30,+,1.0,77.10,2,77.30,4,57.69
602,2731,雄獅,"272,700",252,"18,723,500",67.80,69.20,67.70,69.00,+,1.2,69.00,15,69.10,10,0.00
603,2739,寒舍,"56,031",38,"1,340,101",24.00,24.00,23.80,24.00, ,0.0,23.95,1,24.00,3,0.00
604,2748,雲品,"59,027",50,"2,497,146",42.35,42.55,42.20,42.20,+,0.1,42.15,7,42.25,3,33.23
605,2801,彰銀,"8,846,466","2,028","159,513,407",17.90,18.10,17.80,18.10,+,0.2,18.05,200,18.10,189,18.47
606,2809,京城銀,"1,095,255",449,"40,371,007",36.65,37.05,36.60,37.05,+,0.35,37.00,7,37.05,27,8.97
607,2812,台中銀,"4,067,017","1,327","44,440,841",10.90,10.95,10.90,10.95, ,0.0,10.90,981,10.95,286,10.05
608,2816,旺旺保,"123,549",67,"2,348,090",19.00,19.10,18.95,19.05,+,0.15,19.05,1,19.10,8,6.93
609,2820,華票,"1,241,181",667,"18,126,335",14.65,14.65,14.55,14.55,-,0.15,14.55,108,14.65,3,14.41
610,2823,中壽,"21,841,904","2,874","439,394,326",20.10,20.20,20.10,20.10,-,0.1,20.10,849,20.15,"1,645",6.34
611,2832,台產,"77,001",51,"1,520,719",19.75,19.80,19.70,19.75, ,0.0,19.70,45,19.75,4,10.56
612,2834,臺企銀,"13,240,348","2,832","130,572,591",9.86,9.87,9.84,9.87, ,0.0,9.87,67,9.88,367,12.65
613,2836,高雄銀,"270,823",128,"2,729,680",10.05,10.10,10.05,10.10, ,0.0,10.05,150,10.10,33,13.65
614,2838,聯邦銀,"2,758,793",812,"28,227,372",10.10,10.35,10.10,10.35,+,0.25,10.30,805,10.35,255,9.67
615,2838A,聯邦銀甲特,"69,207",24,"3,614,142",52.30,52.30,52.20,52.30, ,0.0,52.20,12,52.30,70,0.00
616,2841,台開,"2,540,341",567,"19,696,066",7.76,7.81,7.71,7.76, ,0.0,7.75,47,7.76,8,0.00
617,2845,遠東銀,"6,226,347","1,102","64,289,792",10.35,10.45,10.25,10.25,-,0.05,10.25,615,10.40,3,11.26
618,2849,安泰銀,"293,239",151,"4,297,588",14.25,14.75,14.25,14.70,+,0.3,14.65,6,14.70,7,13.74
619,2850,新產,"80,462",56,"2,847,774",35.35,35.45,35.35,35.45,+,0.15,35.40,28,35.45,14,6.84
620,2851,中再保,"437,272",201,"9,058,063",20.65,20.80,20.60,20.70,+,0.05,20.70,1,20.75,28,8.70
621,2852,第一保,"150,001",41,"1,948,114",13.00,13.05,12.90,13.00, ,0.0,12.95,9,13.00,76,12.26
622,2855,統一證,"1,831,944",412,"29,614,935",16.10,16.20,16.05,16.20,+,0.05,16.20,144,16.25,273,11.82
623,2867,三商壽,"1,835,739",459,"17,205,634",9.35,9.45,9.34,9.35, ,0.0,9.35,55,9.36,3,4.29
624,2880,華南金,"10,507,207","2,430","190,359,579",18.05,18.15,18.05,18.15,+,0.15,18.10,253,18.15,"1,621",24.53
625,2881,富邦金,"18,022,219","3,742","774,376,402",43.25,43.30,42.85,42.85,-,0.4,42.80,488,42.85,192,7.24
626,2881A,富邦特,"288,528",34,"18,176,364",63.10,63.10,62.80,63.00, ,0.0,62.80,26,63.00,151,0.00
627,2881B,富邦金乙特,"12,524",19,"787,552",62.70,63.00,62.60,63.00,+,0.1,62.80,2,63.00,9,0.00
628,2882,國泰金,"19,888,694","4,729","786,461,246",39.70,39.80,39.50,39.50,-,0.15,39.50,"1,511",39.60,1,9.45
629,2882A,國泰特,"209,307",33,"13,081,756",62.50,62.60,62.40,62.50, ,0.0,62.40,21,62.50,67,0.00
630,2882B,國泰金乙特,"22,977",14,"1,453,951",63.30,63.40,63.20,63.40, ,0.0,62.80,2,63.40,43,0.00
631,2883,開發金,"36,571,250","3,150","317,077,459",8.71,8.74,8.65,8.65,-,0.05,8.64,917,8.65,987,15.73
632,2884,玉山金,"27,518,131","7,995","727,994,856",26.60,26.60,26.40,26.40,-,0.2,26.40,885,26.45,4,15.71
633,2885,元大金,"23,250,121","3,943","424,411,543",18.25,18.30,18.20,18.30, ,0.0,18.25,576,18.30,"3,808",10.40
634,2886,兆豐金,"37,872,842","15,060","1,079,152,893",28.55,28.60,28.45,28.45,-,0.1,28.45,"2,635",28.50,"3,399",15.55
635,2887,台新金,"14,179,675","2,310","185,328,552",13.05,13.10,13.00,13.10,+,0.05,13.05,225,13.10,519,11.20
636,2887E,台新戊特,"129,134",15,"6,844,802",53.00,53.10,53.00,53.00, ,0.0,53.00,474,53.10,17,0.00
637,2887F,台新戊特二,"13,876",15,"712,162",51.40,51.50,51.30,51.50, ,0.0,51.30,9,51.50,10,0.00
638,2888,新光金,"98,842,039","6,237","824,001,135",8.40,8.44,8.31,8.31,-,0.09,8.31,"5,989",8.34,"5,084",7.91
639,2888A,新光金甲特,"80,021",32,"3,580,935",44.75,44.75,44.75,44.75, ,0.0,44.75,185,44.80,26,0.00
640,2888B,新光金乙特,"349,160",250,"15,033,043",43.05,43.10,43.00,43.05, ,0.0,43.05,6,43.10,14,0.00
641,2889,國票金,"3,327,456","1,319","39,683,617",11.95,11.95,11.90,11.95, ,0.0,11.90,98,11.95,340,12.32
642,2890,永豐金,"16,073,909","2,427","175,551,017",10.90,10.95,10.85,10.95,+,0.1,10.90,226,10.95,"2,395",10.63
643,2891,中信金,"46,877,374","12,771","874,211,317",18.75,18.80,18.60,18.60,-,0.1,18.60,"1,451",18.65,3,8.94
644,2891B,中信金乙特,280,4,"17,947",--,--,--,--, ,0.0,64.60,1,65.20,7,0.00
645,2891C,中信金丙特,"8,025",21,"505,564",63.10,63.20,62.80,62.80,-,0.4,62.70,3,62.80,2,0.00
646,2892,第一金,"16,982,310","4,347","354,426,260",20.85,20.90,20.80,20.90,+,0.05,20.85,"1,313",20.90,69,14.32
647,2897,王道銀行,"1,125,967",345,"7,941,526",7.05,7.08,7.02,7.05,+,0.01,7.04,27,7.05,31,23.50
648,2897A,王道銀甲特,"107,596",12,"1,102,419",10.25,10.25,10.20,10.20, ,0.0,10.20,18,10.25,59,0.00
649,2901,欣欣,"22,499",89,"534,376",23.75,23.75,23.65,23.75,+,0.05,23.70,3,23.75,2,67.86
650,2903,遠百,"4,537,083","1,218","119,871,175",26.30,26.55,26.15,26.55,+,0.25,26.50,300,26.55,102,25.05
651,2904,匯僑,"81,001",45,"1,971,524",24.40,24.40,24.30,24.35,-,0.1,24.35,3,24.40,2,11.71
652,2905,三商,"1,126,680",630,"26,127,613",22.70,23.45,22.70,23.35,+,0.55,23.35,4,23.40,6,6.43
653,2906,高林,"444,102",143,"6,250,628",14.00,14.30,13.95,14.05, ,0.0,13.90,77,14.05,12,156.11
654,2908,特力,"185,200",114,"4,362,099",23.55,23.65,23.50,23.55,-,0.1,23.55,2,23.60,26,17.07
655,2910,統領,"22,000",12,"692,900",30.85,31.60,30.85,31.55,+,0.1,31.55,5,31.60,1,68.59
656,2911,麗嬰房,"314,724",179,"2,077,441",6.58,6.62,6.56,6.59,+,0.01,6.58,3,6.59,30,0.00
657,2912,統一超,"2,237,744","1,349","590,125,660",264.50,265.50,263.00,263.00,-,1.0,263.00,21,263.50,3,26.97
658,2913,農林,"1,039,759",313,"17,572,294",16.85,16.95,16.85,16.90,+,0.05,16.90,43,16.95,244,0.00
659,2915,潤泰全,"884,974",485,"58,894,164",66.40,66.80,66.40,66.50,+,0.1,66.50,92,66.70,17,5.12
660,2923,鼎固-KY,"300,000",148,"7,615,400",25.05,25.60,24.70,25.60,+,0.6,25.45,214,25.60,7,0.00
661,2929,淘帝-KY,"622,843",469,"22,547,723",35.60,36.60,35.50,36.45,+,1.3,36.40,2,36.45,16,0.00
662,2936,客思達-KY,"1,000",1,"20,250",20.25,20.25,20.25,20.25, ,0.0,20.20,2,20.25,1,168.75
663,2939,凱羿-KY,"406,000",311,"44,137,000",106.00,110.00,106.00,109.00,+,4.5,108.50,8,109.00,3,126.74
664,3002,歐格,"578,100",206,"6,620,994",11.20,11.60,11.20,11.50,+,0.3,11.50,12,11.55,40,21.70
665,3003,健和興,"518,100",342,"21,858,790",42.00,42.35,41.95,42.20,+,0.4,42.20,6,42.25,8,15.63
666,3004,豐達科,"91,000",72,"4,778,900",52.40,53.00,52.10,52.70,+,0.2,52.60,1,52.70,3,10.25
667,3005,神基,"1,305,449",810,"60,942,652",46.20,46.90,46.20,46.80,+,0.6,46.75,22,46.85,5,11.17
668,3006,晶豪科,"1,955,680","1,134","76,178,932",39.25,39.35,38.70,38.70,-,0.2,38.70,14,38.80,8,11.87
669,3008,大立光,"578,986","1,005","2,025,915,860","3,505.00","3,515.00","3,485.00","3,490.00",-,10.0,"3,490.00",8,"3,500.00",2,16.50
670,3010,華立,"449,772",284,"26,268,151",58.20,58.70,58.20,58.50,+,0.4,58.50,16,58.60,21,8.78
671,3011,今皓,"237,001",80,"1,540,826",6.55,6.58,6.46,6.52,+,0.02,6.51,5,6.52,2,0.00
672,3013,晟銘電,"148,186",78,"2,041,031",13.70,13.85,13.65,13.75,+,0.1,13.75,77,13.80,3,13.10
673,3014,聯陽,"3,070,315","1,854","226,122,284",73.10,74.50,73.00,73.30,+,0.3,73.30,10,73.40,5,17.45
674,3015,全漢,"1,653,988",954,"55,953,446",33.40,34.30,33.35,33.55,+,0.25,33.55,15,33.60,5,14.98
675,3016,嘉晶,"3,677,900","2,423","264,326,046",72.70,72.90,71.20,71.60,-,1.1,71.50,10,71.60,54,795.56
676,3017,奇鋐,"15,426,676","8,119","1,057,015,085",68.10,69.60,67.30,67.30,-,0.3,67.30,70,67.50,14,18.19
677,3018,同開,"173,961",150,"3,615,581",20.80,20.95,20.70,20.75, ,0.0,20.75,7,20.80,12,0.00
678,3019,亞光,"1,085,346",790,"73,786,259",68.10,68.50,67.50,68.10,+,0.2,68.10,1,68.20,40,37.62
679,3021,鴻名,"489,020",238,"8,218,986",16.85,16.95,16.70,16.80, ,0.0,16.75,37,16.80,9,13.44
680,3022,威強電,"234,363",194,"10,709,987",45.80,45.85,45.40,45.85,+,0.05,45.85,8,45.90,3,11.38
681,3023,信邦,"1,247,274","1,030","229,755,690",186.00,187.00,183.00,185.00,-,2.0,184.00,1,185.00,22,22.92
682,3024,憶聲,"4,132,572","1,341","54,748,967",13.00,13.40,12.95,13.20,+,0.25,13.20,47,13.25,6,73.33
683,3025,星通,"162,585",93,"3,245,650",19.60,20.15,19.60,20.10,+,0.5,20.00,12,20.15,5,30.92
684,3026,禾伸堂,"662,334",564,"69,720,904",106.50,106.50,104.50,105.00,-,1.0,104.50,65,105.00,4,18.10
685,3027,盛達,"1,176,656",682,"22,728,222",19.20,19.65,19.10,19.20,+,0.15,19.15,8,19.20,2,0.00
686,3028,增你強,"474,746",257,"9,744,002",20.45,20.60,20.45,20.45, ,0.0,20.45,37,20.50,5,14.93
687,3029,零壹,"676,188",480,"27,400,979",40.60,40.75,40.40,40.55, ,0.0,40.55,7,40.60,3,12.63
688,3030,德律,"3,037,150","1,997","178,789,582",60.00,60.00,58.30,58.80,-,1.3,58.80,20,58.90,27,13.10
689,3031,佰鴻,"296,000",128,"4,363,300",14.75,14.85,14.65,14.70,-,0.15,14.70,24,14.75,15,13.61
690,3032,偉訓,"702,390",377,"31,318,733",44.30,44.95,44.20,44.85,+,0.6,44.85,12,44.95,12,13.72
691,3033,威健,"1,399,234",752,"25,533,827",18.20,18.45,18.10,18.10,+,0.05,18.10,131,18.15,6,16.92
692,3034,聯詠,"3,384,828","1,851","867,390,104",255.00,258.00,253.00,257.00,+,4.0,256.50,22,257.00,135,18.19
693,3035,智原,"1,506,329",918,"68,770,611",45.70,45.85,45.45,45.65,+,0.25,45.60,1,45.65,8,30.03
694,3036,文曄,"824,997",414,"31,332,532",38.10,38.10,37.90,37.90,-,0.1,37.90,20,38.00,11,9.87
695,3037,欣興,"37,030,143","19,211","2,920,204,219",80.20,80.20,78.20,78.20,-,2.0,78.20,673,78.30,5,27.54
696,3038,全台,"1,087,018",595,"19,931,129",18.30,18.40,18.20,18.25,+,0.1,18.25,57,18.35,1,10.14
697,3040,遠見,"137,677",95,"4,695,718",34.15,34.25,33.90,34.20,+,0.35,34.15,1,34.20,9,8.61
698,3041,揚智,"1,506,880",793,"38,084,405",25.30,25.45,25.00,25.45,+,0.3,25.45,34,25.50,54,0.00
699,3042,晶技,"4,794,179","3,153","387,388,999",81.20,81.60,80.10,81.00,-,0.2,81.00,20,81.10,15,23.14
700,3043,科風,"3,857,736","1,370","47,658,995",12.50,12.50,12.30,12.50,-,0.2,12.50,57,12.60,12,0.00
701,3044,健鼎,"1,503,900",836,"171,124,649",113.00,115.00,113.00,113.50, ,0.0,113.50,18,114.00,21,10.01
702,3045,台灣大,"6,828,323","2,260","679,725,045",99.70,100.00,99.40,99.50,-,0.2,99.50,"1,384",99.90,1,22.26
703,3046,建碁,"18,496",15,"309,355",16.75,17.05,16.60,17.05,+,0.5,16.80,1,17.10,3,0.00
704,3047,訊舟,"7,676,964","2,835","121,053,028",16.00,16.10,15.45,15.70,-,0.3,15.65,46,15.70,55,0.00
705,3048,益登,"538,824",271,"9,747,523",18.05,18.20,18.00,18.05, ,0.0,18.05,24,18.10,25,8.76
706,3049,和鑫,"78,739,532","9,046","834,359,606",9.92,10.80,9.91,10.80,+,0.94,10.80,"43,137",--,0,15.43
707,3050,鈺德,"1,758,601",635,"20,785,019",11.85,11.95,11.70,11.75,+,0.2,11.75,160,11.80,82,19.26
708,3051,力特,"311,516",65,"1,459,832",4.71,4.71,4.64,4.68,+,0.02,4.68,2,4.71,77,0.00
709,3052,夆典,"985,618",321,"11,754,853",12.00,12.00,11.85,11.90,-,0.05,11.90,1,11.95,76,6.36
710,3054,立萬利,"29,600",22,"676,209",22.85,22.95,22.60,22.90,+,0.3,22.85,4,22.90,3,"2,290.00"
711,3055,蔚華科,"617,396",408,"20,779,202",33.75,34.10,33.20,33.50, ,0.0,33.50,3,33.60,7,0.00
712,3056,總太,"2,282,829","1,354","87,048,582",38.60,38.75,37.85,38.05,-,0.5,38.00,38,38.05,26,10.51
713,3058,立德,"284,060",159,"2,269,254",7.86,8.10,7.83,7.98,+,0.16,7.98,2,8.00,6,0.00
714,3059,華晶科,"1,438,159",715,"38,578,006",26.45,27.15,26.40,26.80,+,0.4,26.75,22,26.80,32,59.56
715,3060,銘異,"413,872",227,"5,820,932",13.90,14.15,13.90,14.10,+,0.2,14.05,16,14.10,19,0.00
716,3062,建漢,"849,130",406,"12,959,244",15.25,15.35,15.20,15.20,-,0.05,15.20,72,15.25,31,760.00
717,3090,日電貿,"342,650",290,"15,569,222",45.40,45.50,45.30,45.50,+,0.4,45.45,3,45.50,21,13.62
718,3094,聯傑,"183,221",102,"3,692,641",20.10,20.20,20.10,20.15, ,0.0,20.15,7,20.20,10,36.64
719,3130,一零四,"2,406",7,"354,088",146.50,147.50,146.50,147.50,+,1.0,147.00,4,149.50,1,19.18
720,3149,正達,"1,260,332",500,"13,847,102",10.60,11.30,10.40,11.10,+,0.7,11.05,8,11.10,36,0.00
721,3164,景岳,"86,000",54,"2,110,600",24.30,24.80,24.30,24.55,-,0.05,24.55,14,24.60,2,59.88
722,3167,大量,"63,182",54,"2,793,830",44.00,44.75,44.00,44.65,+,0.65,44.55,4,44.65,1,20.96
723,3189,景碩,"7,634,093","4,791","525,328,349",68.70,69.80,67.70,68.90,+,0.9,68.80,56,68.90,28,765.56
724,3209,全科,"262,766",130,"5,317,757",20.30,20.30,20.15,20.25,-,0.05,20.20,7,20.25,1,9.33
725,3229,晟鈦,"79,001",45,"781,709",9.99,10.00,9.86,9.95,-,0.01,9.92,5,9.95,5,0.00
726,3231,緯創,"10,718,829","2,445","319,635,130",29.80,29.85,29.65,29.85,+,0.2,29.80,418,29.85,331,10.22
727,3257,虹冠電,"237,806",174,"16,998,740",71.70,71.90,71.20,71.30,-,0.6,71.30,6,71.50,9,29.10
728,3266,昇陽,"24,000",16,"332,750",13.90,13.90,13.85,13.90,+,0.1,13.85,10,13.90,9,27.80
729,3296,勝德,"68,000",47,"1,025,700",15.05,15.25,14.95,15.25,+,0.2,15.25,40,15.30,2,0.00
730,3305,昇貿,"380,681",239,"10,042,857",26.35,26.70,26.15,26.30,+,0.15,26.30,6,26.35,1,23.27
731,3308,聯德,"399,114",178,"3,143,013",8.15,8.15,7.77,7.94,-,0.21,7.82,1,7.94,6,0.00
732,3311,閎暉,"104,544",80,"2,933,913",28.10,28.30,28.00,28.05,-,0.1,28.05,1,28.10,12,0.00
733,3312,弘憶股,"119,984",67,"1,650,027",13.80,13.85,13.70,13.75, ,0.0,13.70,37,13.80,24,12.28
734,3321,同泰,"2,666,886","1,171","44,218,674",15.95,17.80,15.55,17.80,+,1.35,17.10,2,17.80,17,0.00
735,3338,泰碩,"549,050",407,"35,697,183",65.50,65.70,64.60,64.70,-,0.3,64.70,4,64.90,1,17.16
736,3346,麗清,"316,162",173,"9,831,537",31.50,31.50,30.80,31.00, ,0.0,31.00,25,31.20,13,0.00
737,3356,奇偶,"861,923",612,"23,030,961",26.35,27.20,26.35,26.45,+,0.25,26.45,9,26.60,3,293.89
738,3376,新日興,"1,117,206",793,"159,467,164",145.00,145.00,140.50,143.50,-,0.5,143.00,24,143.50,10,18.56
739,3380,明泰,"2,097,692","1,068","58,745,346",28.20,28.35,27.75,27.75,-,0.3,27.75,35,27.90,17,63.07
740,3383,新世紀,"208,961",54,"866,434",4.00,4.22,4.00,4.11,+,0.02,4.11,9,4.14,3,0.00
741,3406,玉晶光,"4,955,375","3,616","3,002,390,000",603.00,611.00,599.00,608.00,+,10.0,607.00,1,608.00,2,20.51
742,3413,京鼎,"690,959",496,"131,234,710",191.00,191.50,188.50,190.00,-,1.5,190.00,4,190.50,8,14.67
743,3416,融程電,"131,869",100,"10,173,773",77.80,77.80,76.60,77.60,+,0.2,77.50,1,77.60,2,24.87
744,3419,譁裕,"376,219",175,"5,095,141",13.55,13.60,13.45,13.55,+,0.05,13.50,12,13.55,4,0.00
745,3432,台端,"21,527",16,"279,051",12.95,13.10,12.90,13.10,+,0.05,12.90,6,13.10,4,21.83
746,3437,榮創,"32,735,713","14,615","870,355,526",27.20,28.10,25.45,25.45,-,1.25,25.45,73,25.50,53,0.00
747,3443,創意,"1,435,410","1,177","376,453,920",262.00,265.50,261.00,261.00,-,3.5,261.00,54,261.50,3,68.32
748,3450,聯鈞,"718,385",579,"47,422,781",66.40,66.40,65.70,66.00, ,0.0,65.90,11,66.00,16,36.26
749,3454,晶睿,"119,071",101,"9,090,000",75.60,76.80,75.60,76.60,+,1.3,76.50,19,76.60,9,30.64
750,3481,群創,"87,910,278","10,879","883,357,802",10.10,10.15,10.00,10.05,-,0.05,10.05,"6,667",10.10,"5,419",0.00
751,3494,誠研,"2,586,405",483,"12,417,223",4.51,4.88,4.44,4.88,+,0.44,4.88,"1,144",--,0,0.00
752,3501,維熹,"29,570",24,"1,385,590",46.90,47.00,46.80,46.85,-,0.1,46.85,5,46.90,1,12.87
753,3504,揚明光,"75,000",66,"4,439,500",59.20,59.80,58.90,59.10,-,0.1,58.90,1,59.10,1,0.00
754,3515,華擎,"642,344",533,"123,040,048",190.50,193.00,188.50,193.00,+,2.5,192.00,2,193.00,64,25.29
755,3518,柏騰,"85,071",66,"2,381,938",28.05,28.25,27.80,28.00,-,0.05,27.90,2,28.00,15,0.00
756,3528,安馳,"39,314",35,"1,607,429",41.00,41.10,40.70,40.95,-,0.15,40.90,17,40.95,4,13.47
757,3530,晶相光,"652,668",514,"57,307,047",88.40,88.80,87.20,87.20,-,1.3,87.20,14,87.30,12,39.82
758,3532,台勝科,"8,664,749","4,929","1,012,056,637",118.50,121.00,112.00,112.00,-,5.5,112.00,164,112.50,8,36.13
759,3533,嘉澤,"373,329",342,"159,998,299",427.00,431.50,426.00,429.00,+,3.0,428.50,10,429.00,3,16.72
760,3535,晶彩科,"401,355",202,"7,546,104",18.70,19.00,18.65,18.70, ,0.0,18.70,2,18.75,33,0.00
761,3536,誠創,"124,882",46,"843,312",6.71,6.80,6.71,6.80,+,0.09,6.76,3,6.80,17,0.00
762,3543,州巧,"855,505",418,"16,218,870",18.65,19.35,18.45,19.30,+,0.75,19.25,15,19.30,1,43.86
763,3545,敦泰,"1,482,703",793,"49,452,853",33.40,33.50,33.25,33.30,+,0.1,33.25,70,33.35,5,32.02
764,3550,聯穎,"1,233,267",689,"18,227,117",14.90,15.10,14.55,15.05,+,0.15,15.00,7,15.05,11,19.05
765,3557,嘉威,"1,458,186",915,"116,372,053",78.00,81.30,78.00,79.10,+,1.2,79.10,7,79.30,2,9.34
766,3563,牧德,"235,241",240,"72,887,344",310.50,313.00,308.50,308.50,-,2.5,308.50,9,309.00,1,19.37
767,3576,聯合再生,"20,735,226","5,375","236,022,621",11.35,11.55,11.25,11.35,+,0.05,11.35,265,11.40,162,0.00
768,3583,辛耘,"401,300",326,"23,414,510",58.60,59.00,58.00,58.20,-,0.1,58.20,5,58.30,7,19.86
769,3588,通嘉,"171,080",143,"6,487,080",37.80,38.35,37.45,37.75,-,0.05,37.75,9,37.80,2,50.33
770,3591,艾笛森,"134,061",75,"1,632,792",12.10,12.30,12.05,12.20,+,0.15,12.20,2,12.25,4,0.00
771,3593,力銘,"71,764",42,"789,625",11.00,11.10,10.90,11.05,+,0.05,11.05,2,11.10,12,0.00
772,3596,智易,"2,146,042","1,479","190,169,119",88.30,89.40,87.80,88.80,+,0.7,88.70,2,88.80,5,15.21
773,3605,宏致,"816,166",485,"25,529,137",31.55,31.65,31.05,31.15,-,0.2,31.15,6,31.20,2,11.49
774,3607,谷崧,"212,002",104,"2,632,424",12.25,12.60,12.25,12.55,+,0.25,12.50,5,12.55,5,0.00
775,3617,碩天,"95,527",77,"7,414,347",77.50,77.80,77.00,77.80,+,1.0,77.70,11,77.90,2,20.10
776,3622,洋華,"241,298",146,"5,582,617",22.85,23.25,22.85,23.15,+,0.3,23.15,16,23.20,4,22.05
777,3645,達邁,"1,823,800","1,236","116,442,657",64.00,64.70,63.20,64.10,-,0.3,64.10,5,64.20,14,43.31
778,3653,健策,"1,127,824",957,"340,224,848",300.50,305.00,297.00,304.00,+,6.5,303.50,4,304.00,27,39.63
779,3661,世芯-KY,"7,671,778","6,316","3,993,891,340",525.00,533.00,514.00,519.00,+,2.0,519.00,21,520.00,16,51.03
780,3665,貿聯-KY,"2,598,532","2,189","638,052,372",240.50,248.00,240.00,246.00,+,8.0,246.00,3,246.50,24,18.24
781,3669,圓展,"23,464,127","14,408","2,867,548,867",118.50,125.00,118.00,121.00,+,3.0,121.00,19,121.50,25,68.75
782,3673,TPK-KY,"3,066,399","1,821","161,438,147",52.60,53.00,52.20,53.00,+,0.7,52.80,8,53.00,246,44.92
783,3679,新至陞,"1,114,380",794,"112,694,786",102.50,104.00,98.50,99.70,-,2.8,99.70,9,99.80,12,10.93
784,3682,亞太電,"8,553,523","2,822","85,919,680",10.15,10.15,10.00,10.10, ,0.0,10.05,60,10.10,247,0.00
785,3686,達能,"1,606,019",625,"24,706,769",15.30,15.60,15.15,15.45,+,0.1,15.40,42,15.45,23,0.00
786,3694,海華,"8,290,091","3,711","270,800,961",30.95,33.70,30.85,33.70,+,2.95,33.65,1,33.70,160,39.65
787,3698,隆達,"9,045,632","4,311","201,804,904",22.90,23.05,21.75,22.10,-,0.5,22.10,34,22.15,17,0.00
788,3701,大眾控,"3,083",13,"40,583",13.20,13.20,13.20,13.20, ,0.0,13.20,1,13.25,5,"1,320.00"
789,3702,大聯大,"3,317,102",904,"131,695,547",39.70,39.90,39.50,39.80, ,0.0,39.80,88,39.85,5,10.26
790,3702A,大聯大甲特,"333,050",66,"16,674,100",50.00,50.10,50.00,50.00, ,0.0,50.00,121,50.10,117,0.00
791,3703,欣陸,"2,747,471","1,272","55,783,711",20.25,20.50,20.15,20.25,+,0.05,20.25,49,20.30,55,253.12
792,3704,合勤控,"7,502,855","3,787","194,174,957",26.15,26.30,25.55,25.80,-,0.4,25.75,68,25.80,42,0.00
793,3705,永信,"226,178",190,"10,052,514",44.50,44.70,44.25,44.40,-,0.1,44.40,7,44.60,1,14.80
794,3706,神達,"2,243,301","1,107","64,941,468",28.95,29.05,28.85,28.95,+,0.1,28.95,15,29.00,210,10.27
795,3708,上緯投控,"8,454,399","5,032","1,322,250,542",154.00,158.50,153.00,155.00, ,0.0,155.00,117,155.50,4,20.26
796,3711,日月光投控,"9,205,981","3,269","574,924,396",62.40,62.80,62.00,62.40,+,0.1,62.40,223,62.50,2,11.60
797,3712,永崴投控,"13,905,267","6,887","587,645,830",43.10,44.50,40.60,40.60,-,2.1,40.60,104,40.65,23,0.00
798,4104,佳醫,"115,413",108,"6,541,841",56.50,56.80,56.50,56.70,+,0.2,56.60,14,56.80,28,14.73
799,4106,雃博,"518,423",295,"16,669,898",32.05,32.60,31.90,32.05,+,0.15,32.00,14,32.05,6,34.10
800,4108,懷特,"700,085",462,"19,713,981",28.10,28.60,27.90,27.90,-,0.25,27.90,5,28.20,4,0.00
801,4119,旭富,"239,852",210,"29,667,720",123.50,124.50,123.00,123.00, ,0.0,123.00,50,123.50,3,13.98
802,4133,亞諾法,"4,032,201","2,630","290,602,408",71.50,73.30,70.80,71.60,+,0.8,71.60,11,71.70,1,298.33
803,4137,麗豐-KY,"140,000",119,"27,143,000",193.50,195.50,192.50,194.50,+,1.0,194.50,2,195.50,4,14.48
804,4141,龍燈-KY,"630,947",417,"8,330,312",12.60,13.55,12.60,13.25,+,0.65,13.25,21,13.30,11,0.00
805,4142,國光生,"19,836,541","7,972","1,444,584,633",72.00,73.90,71.90,72.70,+,0.7,72.60,30,72.70,29,0.00
806,4144,康聯-KY,"151,178",114,"4,053,582",26.80,26.85,26.80,26.80,-,0.05,26.80,56,26.85,59,0.00
807,4148,全宇生技-KY,"105,000",62,"3,936,750",37.65,37.80,37.20,37.30,+,0.1,37.25,3,37.35,15,120.32
808,4155,訊映,"3,397,278","1,777","105,701,267",31.45,31.80,30.45,30.80,-,0.65,30.80,27,30.95,18,17.30
809,4164,承業醫,"614,103",293,"24,962,429",40.70,40.90,40.40,40.75,+,0.15,40.70,13,40.75,10,14.61
810,4190,佐登-KY,"1,339,197","1,054","119,050,173",86.20,90.50,85.30,88.40,+,3.9,88.40,4,88.70,2,18.81
811,4306,炎洲,"1,125,975",476,"16,400,235",14.45,14.70,14.45,14.50,+,0.15,14.50,61,14.55,34,0.00
812,4414,如興,"5,775,948","1,698","75,123,869",12.75,13.20,12.70,13.15,+,0.45,13.10,211,13.15,148,0.00
813,4426,利勤,"243,648",170,"7,345,547",29.90,30.70,29.85,30.10,+,0.15,30.05,17,30.10,14,40.68
814,4438,廣越,"65,008",58,"7,341,428",111.50,113.50,111.50,113.50,+,1.5,113.50,1,114.00,9,13.42
815,4439,冠星-KY,"24,000",15,"2,881,000",120.00,121.00,120.00,120.00,-,0.5,120.00,1,121.00,2,9.69
816,4526,東台,"1,017,054",462,"14,174,084",13.75,14.10,13.70,13.85,+,0.1,13.85,1,13.90,17,0.00
817,4532,瑞智,"543,932",357,"11,128,559",20.40,20.65,20.25,20.40,+,0.1,20.40,22,20.45,14,18.05
818,4536,拓凱,"652,000",586,"103,014,500",161.00,161.50,157.00,159.00,-,2.0,158.50,2,159.00,8,21.87
819,4540,全球傳動,"107,200",93,"5,200,190",47.90,49.20,47.90,48.25,+,0.3,48.20,1,48.30,6,0.00
820,4545,銘鈺,"55,200",35,"1,765,310",32.30,32.30,31.70,32.10,-,0.2,31.80,1,32.10,5,267.50
821,4551,智伸科,"1,035,453",874,"201,623,202",198.50,200.00,191.50,192.00,-,4.0,192.00,18,192.50,5,45.50
822,4552,力達-KY,"386,341",236,"15,192,380",39.50,39.70,39.10,39.20,+,0.1,39.20,5,39.25,5,16.61
823,4555,氣立,"19,000",15,"946,950",50.00,50.00,49.70,49.70, ,0.0,49.65,5,49.75,1,40.41
824,4557,永新-KY,"35,365",25,"2,176,683",61.60,62.00,60.80,61.80,+,0.3,61.60,1,61.90,5,13.86
825,4560,強信-KY,"159,000",42,"6,299,500",39.65,39.75,39.50,39.65,+,0.1,39.65,2,39.70,21,13.96
826,4562,穎漢,"123,000",110,"2,115,800",17.40,17.50,17.05,17.25,+,0.1,17.20,1,17.25,9,0.00
827,4564,元翎,"1,714,250",941,"55,535,625",31.60,32.70,31.45,32.55,+,0.9,32.55,50,32.60,27,21.00
828,4566,時碩工業,"53,000",35,"1,972,950",37.30,37.30,37.15,37.30,+,0.3,37.25,1,37.30,4,17.19
829,4571,鈞興-KY,"73,300",43,"5,379,170",73.50,73.60,73.10,73.60,+,0.6,73.50,10,73.60,2,15.83
830,4572,駐龍,"19,000",17,"1,510,800",79.70,79.70,79.40,79.50,-,0.4,79.40,8,79.70,2,20.87
831,4576,大銀微系統,"43,944",40,"3,397,854",77.70,77.70,77.00,77.50, ,0.0,77.50,2,77.60,1,242.19
832,4581,光隆精密-KY,"6,000",5,"227,800",38.00,38.00,37.95,37.95,+,0.05,37.70,1,38.00,12,13.85
833,4720,德淵,"506,302",212,"7,267,802",14.25,14.50,14.20,14.35,+,0.1,14.35,26,14.40,15,57.40
834,4722,國精化,"573,250",159,"16,588,187",28.75,29.25,28.70,28.75, ,0.0,28.70,24,28.75,18,12.03
835,4725,信昌化,"124,247",77,"2,206,869",17.75,17.80,17.75,17.80,+,0.05,17.75,224,17.80,50,0.00
836,4737,華廣,"89,150",59,"6,441,115",72.00,72.60,72.00,72.30,+,0.3,72.30,4,72.50,5,112.97
837,4739,康普,"549,782",396,"33,887,784",60.20,62.20,60.20,61.60,+,0.9,61.60,1,61.70,2,47.38
838,4746,台耀,"1,466,150",900,"76,017,840",51.60,52.50,51.30,51.70,+,0.4,51.60,27,51.70,16,10.55
839,4755,三福化,"304,000",247,"21,339,700",69.50,71.00,69.30,69.70,+,0.9,69.60,4,70.00,2,18.06
840,4763,材料-KY,"8,004,274","4,745","1,254,758,874",152.00,160.00,151.00,151.00,+,5.5,151.00,74,151.50,3,17.64
841,4764,雙鍵,"1,133",3,"68,806",60.80,60.80,60.80,60.80,+,0.6,60.70,1,61.00,3,99.67
842,4766,南寶,"145,020",120,"18,725,600",128.50,130.00,127.50,129.50,+,1.0,129.50,4,130.00,5,13.56
843,4807,日成-KY,"18,002",20,"524,762",29.15,29.75,28.90,28.90,-,0.15,28.85,1,29.00,2,41.29
844,4904,遠傳,"5,871,443","2,065","363,681,996",62.40,62.50,61.70,61.70,-,0.8,61.70,175,61.80,59,23.02
845,4906,正文,"21,446,362","8,619","606,248,864",28.30,29.00,27.50,27.55,-,0.55,27.55,117,27.60,13,275.50
846,4912,聯德控股-KY,"218,143",186,"26,979,159",125.00,125.00,123.00,124.00,-,1.0,124.00,2,124.50,4,18.42
847,4915,致伸,"3,517,330","2,067","157,358,349",44.75,45.15,44.45,44.55,-,0.05,44.50,67,44.55,1,9.32
848,4916,事欣科,"114,200",82,"2,431,458",21.20,21.40,21.20,21.30,+,0.1,21.30,1,21.40,28,10.14
849,4919,新唐,"1,645,345",936,"74,532,059",45.50,45.75,45.05,45.20,-,0.05,45.20,87,45.30,31,18.91
850,4927,泰鼎-KY,"6,733,479","2,180","521,449,683",78.30,78.60,77.00,77.00,-,1.1,77.00,252,77.20,368,15.56
851,4930,燦星網,"517,118",190,"7,448,038",14.25,14.55,14.25,14.50,+,0.25,14.40,16,14.50,27,13.43
852,4934,太極,"10,504,877","5,123","354,169,729",32.10,34.80,32.10,34.80,+,2.8,34.75,41,34.80,52,0.00
853,4935,茂林-KY,"996,305",698,"114,001,685",115.00,115.50,113.50,115.00,-,0.5,114.50,20,115.00,47,20.35
854,4938,和碩,"14,284,115","5,176","929,094,925",64.40,65.60,64.00,65.60,+,1.7,65.30,20,65.60,304,7.40
855,4942,嘉彰,"342,252",251,"13,510,854",39.25,39.75,39.20,39.40,+,0.2,39.35,4,39.40,4,8.21
856,4943,康控-KY,"469,536",372,"41,772,540",89.00,89.70,88.40,88.80,-,0.4,88.80,8,88.90,2,41.89
857,4952,凌通,"305,002",192,"9,798,209",31.90,32.35,31.90,32.10,+,0.25,32.05,1,32.10,6,18.14
858,4956,光鋐,"6,891,103","2,929","138,186,801",20.05,20.65,19.35,19.55,-,0.75,19.50,70,19.55,4,0.00
859,4958,臻鼎-KY,"4,648,484","2,781","621,360,356",131.00,135.00,130.00,134.50,+,2.5,134.00,59,134.50,175,13.15
860,4960,誠美材,"5,032,150","1,295","45,758,141",9.03,9.18,9.00,9.13,+,0.16,9.12,40,9.13,20,0.00
861,4961,天鈺,"6,268,744","3,296","230,788,317",36.50,37.40,35.95,36.45,-,0.15,36.45,7,36.50,19,24.80
862,4967,十銓,"949,550",469,"35,654,839",37.70,37.75,37.20,37.35,+,0.1,37.30,7,37.35,38,11.97
863,4968,立積,"9,150,319","5,991","2,223,641,474",246.50,246.50,239.00,244.50,+,6.5,243.50,2,244.50,62,41.87
864,4976,佳凌,"5,484,395","3,131","250,313,498",44.55,46.60,44.55,45.20,+,0.85,45.15,14,45.20,6,0.00
865,4977,眾達-KY,"477,261",382,"54,961,515",116.00,116.50,113.50,114.00,-,1.0,113.50,35,114.00,1,24.57
866,4989,榮科,"45,000",27,"767,350",17.10,17.10,17.00,17.10, ,0.0,17.05,6,17.10,9,0.00
867,4994,傳奇,"84,000",66,"5,314,600",61.50,64.00,61.30,64.00,+,2.2,64.00,3,64.10,2,16.80
868,4999,鑫禾,"162,400",132,"7,787,928",48.05,48.15,47.80,47.80, ,0.0,47.80,8,47.85,12,11.77
869,5007,三星,"53,558",48,"2,391,943",44.50,44.75,44.50,44.75,+,0.2,44.70,17,44.75,3,19.98
870,5203,訊連,"280,241",223,"32,401,832",116.00,117.00,114.50,115.50,-,0.5,115.00,19,116.00,20,26.80
871,5215,科嘉-KY,"859,691",639,"138,838,595",160.00,163.50,159.50,160.50, ,0.0,160.50,52,161.50,1,23.16
872,5225,東科-KY,"64,000",46,"1,545,150",24.05,24.30,24.05,24.25,+,0.2,24.25,3,24.30,1,0.00
873,5234,達興材料,"105,100",80,"8,699,650",83.10,83.30,82.50,83.00,+,0.4,82.70,2,83.00,11,12.81
874,5243,乙盛-KY,"1,189,035",783,"42,620,225",35.75,36.15,35.55,35.75, ,0.0,35.70,26,35.75,9,13.91
875,5258,虹堡,"118,000",69,"2,648,500",22.25,22.60,22.25,22.40,+,0.15,22.40,3,22.45,13,6.44
876,5264,鎧勝-KY,"1,654,555",511,"141,851,944",85.70,85.80,85.60,85.80,+,0.1,85.70,174,85.80,271,0.00
877,5269,祥碩,"884,272",623,"1,313,637,080","1,510.00","1,515.00","1,470.00","1,475.00",-,20.0,"1,470.00",18,"1,475.00",34,56.73
878,5283,禾聯碩,"91,332",84,"9,406,862",103.00,103.50,102.50,103.50,+,0.5,103.00,7,103.50,12,9.35
879,5284,jpp-KY,"8,000",6,"274,250",34.20,34.55,34.20,34.55,-,0.05,34.50,4,34.60,4,14.34
880,5285,界霖,"1,232,713",721,"57,454,809",45.10,47.45,44.60,47.35,+,2.45,47.30,3,47.35,8,38.50
881,5288,豐祥-KY,"155,000",110,"16,120,000",104.50,105.00,103.00,103.50,-,0.5,103.00,21,103.50,1,14.66
882,5305,敦南,"291,809",204,"11,408,111",39.20,39.20,39.00,39.00, ,0.0,39.00,24,39.15,1,4.78
883,5388,中磊,"434,217",353,"33,093,221",76.30,76.60,75.80,76.10,-,0.3,76.00,15,76.10,2,19.41
884,5434,崇越,"199,396",194,"23,360,024",117.00,117.50,116.50,117.50, ,0.0,117.00,5,117.50,9,11.36
885,5469,瀚宇博,"12,015,249","6,536","523,753,146",43.50,44.20,43.10,43.60,+,1.05,43.60,21,43.65,36,7.61
886,5471,松翰,"33,358,504","19,281","2,398,875,019",73.50,73.80,70.40,72.20,+,0.2,72.10,15,72.20,12,18.70
887,5484,慧友,"109,425",35,"1,165,919",10.60,10.70,10.60,10.65, ,0.0,10.65,46,10.75,10,0.00
888,5515,建國,"373,800",147,"4,653,908",12.50,12.50,12.40,12.45, ,0.0,12.45,13,12.50,88,12.58
889,5519,隆大,"752,000",254,"11,334,100",15.05,15.15,15.00,15.10,+,0.05,15.05,88,15.10,21,12.18
890,5521,工信,"6,013,318","1,493","70,497,495",11.70,11.85,11.65,11.65,+,0.05,11.65,323,11.70,59,2.73
891,5522,遠雄,"956,492",569,"44,992,724",47.10,47.30,46.80,46.95,+,0.2,46.95,18,47.00,8,12.45
892,5525,順天,"106,024",57,"2,276,109",21.55,21.70,21.40,21.40,-,0.3,21.35,1,21.40,531,31.47
893,5531,鄉林,"3,544,122","1,131","37,823,287",10.40,10.85,10.35,10.70,+,0.4,10.65,42,10.70,30,44.58
894,5533,皇鼎,"68,089",20,"1,089,514",16.00,16.05,16.00,16.05,-,0.05,16.00,16,16.05,3,64.20
895,5534,長虹,"559,229",399,"45,150,465",80.80,81.10,80.60,80.60,-,0.3,80.60,56,81.00,10,7.98
896,5538,東明-KY,"3,000",2,"96,000",32.00,32.00,32.00,32.00,-,0.1,31.95,26,32.00,3,12.31
897,5546,永固-KY,"267,000",170,"18,948,700",71.30,71.90,70.00,70.50,-,0.4,70.50,4,70.60,5,10.38
898,5607,遠雄港,"652,411",294,"18,134,243",27.80,27.95,27.70,27.75, ,0.0,27.70,27,27.75,24,10.76
899,5608,四維航,"678,803",276,"4,849,956",7.15,7.22,7.11,7.11,-,0.01,7.11,52,7.15,19,0.00
900,5706,鳳凰,"128,462",98,"3,778,458",29.15,29.60,29.15,29.50,+,0.35,29.45,9,29.50,1,17.77
901,5871,中租-KY,"3,093,862","1,572","411,086,606",132.50,133.50,131.50,133.50,+,1.5,133.50,57,134.00,465,11.72
902,5871A,中租-KY甲特,"740,803",610,"74,273,300",100.50,100.50,100.00,100.00, ,0.0,100.00,"1,199",100.50,"1,198",0.00
903,5876,上海商銀,"5,511,163","1,294","223,413,055",40.35,40.75,40.30,40.75,+,0.45,40.75,2,40.80,428,13.15
904,5880,合庫金,"10,608,219","3,112","212,734,081",19.95,20.10,19.95,20.10,+,0.15,20.05,647,20.10,137,15.58
905,5906,台南-KY,"62,080",45,"2,148,691",34.30,35.10,34.00,34.90,+,0.65,34.85,5,34.90,3,0.00
906,5907,大洋-KY,"142,070",99,"3,407,640",24.30,24.30,23.80,23.95,-,0.35,23.95,9,24.00,10,46.06
907,6005,群益證,"12,034,298","1,507","136,752,210",11.25,11.45,11.20,11.45,+,0.15,11.40,1,11.45,730,11.01
908,6024,群益期,"66,861",55,"2,540,218",37.90,38.05,37.90,38.05,+,0.15,38.05,42,38.10,18,13.35
909,6108,競國,"587,241",152,"12,876,702",21.80,22.10,21.80,21.80,+,0.05,21.80,12,21.90,1,25.35
910,6112,聚碩,"191,879",159,"7,579,968",39.85,39.85,39.35,39.80,+,0.2,39.75,1,39.80,3,15.61
911,6115,鎰勝,"71,648",66,"2,957,941",41.15,41.45,41.15,41.45,+,0.3,41.45,54,41.50,13,15.88
912,6116,彩晶,"21,405,926","4,395","193,103,459",9.05,9.07,8.94,9.04, ,0.0,9.04,149,9.05,233,0.00
913,6117,迎廣,"16,000",10,"281,850",17.70,17.75,17.50,17.75,+,0.2,17.70,2,17.75,6,0.00
914,6120,達運,"957,748",423,"11,462,426",12.05,12.10,11.85,11.95, ,0.0,11.90,19,11.95,6,0.00
915,6128,上福,"58,000",33,"1,562,600",26.90,27.00,26.90,26.95, ,0.0,26.95,5,27.00,8,18.46
916,6133,金橋,"45,097",27,"366,245",8.07,8.15,8.07,8.10,+,0.01,8.09,11,8.10,1,162.00
917,6136,富爾特,"74,476",60,"1,306,753",17.60,17.60,17.45,17.50,-,0.05,17.50,30,17.55,8,29.17
918,6139,亞翔,"934,500",495,"27,027,175",28.65,29.10,28.65,28.75,+,0.15,28.75,20,28.80,3,11.27
919,6141,柏承,"2,938,300","1,490","77,057,400",25.55,27.00,25.20,26.00,+,0.5,25.95,62,26.05,3,6.81
920,6142,友勁,"652,693",251,"5,601,323",8.52,8.69,8.47,8.67,+,0.04,8.67,5,8.68,16,0.00
921,6152,百一,"4,488,350","1,768","44,525,618",9.60,10.25,9.40,9.98,+,0.18,9.97,3,9.98,10,166.33
922,6153,嘉聯益,"2,124,559","1,490","61,707,693",29.10,29.25,28.90,28.95, ,0.0,28.90,64,28.95,66,125.87
923,6155,鈞寶,"139,100",77,"2,999,495",21.35,21.70,21.35,21.60,+,0.3,21.55,9,21.60,8,49.09
924,6164,華興,"815,066",308,"5,735,313",6.80,7.17,6.80,7.14,+,0.28,7.10,1,7.15,63,0.00
925,6165,捷泰,"2,987,514","1,416","201,114,349",63.30,68.70,63.00,68.70,+,6.2,68.60,8,68.70,14,0.00
926,6166,凌華,"162,140",125,"11,270,443",70.20,70.20,68.20,69.50, ,0.0,69.40,1,69.70,3,45.13
927,6168,宏齊,"1,602,879",715,"25,170,756",16.00,16.00,15.50,15.65,-,0.2,15.60,46,15.65,3,68.04
928,6172,互億,"435,000",25,"11,056,950",25.65,25.70,25.35,25.45,-,0.05,25.45,98,25.65,6,0.00
929,6176,瑞儀,"1,925,043","1,170","213,634,791",112.00,112.50,110.50,110.50,-,1.0,110.50,139,111.00,2,9.51
930,6177,達麗,"589,959",304,"17,649,108",29.90,30.20,29.75,29.85, ,0.0,29.85,9,29.90,16,21.79
931,6183,關貿,"85,069",61,"4,105,296",48.25,48.40,48.10,48.35,+,0.15,48.35,2,48.40,5,26.71
932,6184,大豐電,"40,743",40,"1,657,063",40.75,40.75,40.50,40.70,+,0.35,40.65,6,40.70,1,12.48
933,6189,豐藝,"142,707",108,"4,796,571",33.50,33.70,33.50,33.70, ,0.0,33.65,9,33.75,11,12.04
934,6191,精成科,"5,133,104","2,188","108,596,034",21.15,21.45,20.90,21.15, ,0.0,21.10,64,21.15,8,8.92
935,6192,巨路,"46,667",46,"3,038,788",65.40,65.40,64.80,65.30,+,0.6,65.20,3,65.30,11,11.16
936,6196,帆宣,"7,931,655","5,575","855,325,585",106.50,109.50,106.00,107.00,+,3.0,107.00,27,107.50,32,23.88
937,6197,佳必琪,"589,979",353,"20,494,973",34.40,34.95,34.40,34.60,+,0.2,34.55,19,34.60,1,13.46
938,6201,亞弘電,"22,010",17,"757,817",34.45,34.50,34.40,34.40,-,0.1,34.35,2,34.40,6,16.07
939,6202,盛群,"432,977",356,"28,668,465",66.10,66.50,65.90,66.50,+,0.4,66.40,2,66.50,31,17.88
940,6205,詮欣,"172,495",109,"5,884,528",34.05,34.25,33.90,34.05, ,0.0,34.05,3,34.10,2,16.94
941,6206,飛捷,"94,696",81,"6,007,044",63.40,63.90,63.10,63.90,+,0.9,63.80,1,63.90,1,14.46
942,6209,今國光,"5,138,316","2,802","194,031,303",37.50,38.30,37.15,37.20,-,0.3,37.20,59,37.25,5,0.00
943,6213,聯茂,"1,845,694","1,244","245,523,302",133.00,133.50,132.00,133.50,+,0.5,133.50,3,134.00,168,16.94
944,6214,精誠,"395,957",308,"33,592,742",84.50,85.20,84.00,84.90,+,0.4,84.90,9,85.00,12,11.03
945,6215,和椿,"550,264",280,"9,372,620",17.25,17.25,16.80,16.95,-,0.05,16.90,19,16.95,5,14.49
946,6216,居易,"38,363",29,"987,226",25.65,25.75,25.65,25.75,+,0.05,25.75,17,25.80,8,17.76
947,6224,聚鼎,"2,449,109","1,628","199,870,167",81.30,83.50,80.10,81.80,+,1.9,81.50,9,81.80,2,15.82
948,6225,天瀚,"95,863",25,"449,148",4.70,4.70,4.43,4.70,+,0.1,4.43,1,4.70,173,0.00
949,6226,光鼎,"1,264,392",474,"10,491,333",8.19,8.42,8.17,8.28,+,0.17,8.28,10,8.29,2,8.36
950,6230,超眾,"304,500",264,"79,223,250",262.50,263.50,258.50,258.50,-,1.5,258.50,37,259.00,4,34.65
951,6235,華孚,"1,482,301",559,"24,883,576",16.80,17.10,16.55,16.55,-,0.2,16.55,81,16.60,1,6.87
952,6239,力成,"10,816,176","2,987","966,966,510",90.30,90.30,88.60,89.50,-,0.7,89.10,1,89.50,46,9.81
953,6243,迅杰,"824,544",336,"10,579,934",12.80,13.15,12.55,12.85,+,0.2,12.85,21,12.95,46,0.00
954,6251,定穎,"3,585,509","1,297","68,153,866",19.05,19.20,18.90,18.95,-,0.05,18.95,41,19.00,25,7.10
955,6257,矽格,"1,982,659","1,081","79,241,188",40.20,40.30,39.65,39.80,-,0.2,39.75,51,39.80,7,10.39
956,6269,台郡,"1,244,389",906,"157,418,903",126.00,127.50,125.00,127.50,+,1.5,127.00,6,127.50,85,11.62
957,6271,同欣電,"3,013,082","1,861","408,701,070",136.50,137.00,134.50,135.00,+,0.5,134.50,84,135.00,8,31.84
958,6277,宏正,"187,645",163,"15,935,225",84.70,85.20,84.70,84.80, ,0.0,84.70,16,85.00,3,6.07
959,6278,台表科,"4,785,842","3,305","589,740,566",121.50,125.00,121.00,124.00,+,3.0,123.50,27,124.00,185,20.50
960,6281,全國電,"120,000",66,"8,392,700",69.70,70.10,69.50,70.00,+,0.4,70.00,7,70.10,18,14.89
961,6282,康舒,"9,835,961","4,555","253,875,586",25.80,26.10,25.55,25.85,+,0.45,25.85,80,25.90,394,6.59
962,6283,淳安,"1,912,000",972,"52,404,100",27.10,28.30,26.75,26.75,-,0.1,26.75,11,26.85,1,0.00
963,6285,啟碁,"8,533,365","5,675","708,821,760",83.90,84.10,82.50,82.70,-,1.2,82.70,33,82.80,21,21.71
964,6288,聯嘉,"13,049,181","6,141","450,332,330",34.05,35.35,33.80,34.20,-,0.05,34.20,70,34.25,101,32.57
965,6289,華上,"790,587",244,"4,222,773",5.00,5.36,5.00,5.36,+,0.48,5.36,251,--,0,0.00
966,6405,悅城,"126,000",88,"2,472,900",19.50,19.95,19.40,19.65,+,0.3,19.65,2,19.70,4,18.71
967,6409,旭隼,"189,639",200,"179,449,776",920.00,964.00,920.00,942.00,+,22.0,942.00,1,944.00,1,33.43
968,6412,群電,"726,232",542,"50,285,992",68.30,70.00,68.00,70.00,+,2.3,69.80,11,70.00,21,14.43
969,6414,樺漢,"1,297,760","1,102","314,041,400",247.50,248.00,239.50,243.00,-,5.0,243.00,7,243.50,14,16.66
970,6415,矽力-KY,"1,267,944",676,"2,179,600,880","1,730.00","1,760.00","1,700.00","1,715.00",+,5.0,"1,705.00",1,"1,715.00",3,58.65
971,6416,瑞祺電通,"2,666,163","2,147","399,201,950",145.50,152.50,144.50,150.00,+,4.0,150.00,30,150.50,42,29.59
972,6431,光麗-KY,"108,000",70,"3,251,050",30.30,30.95,29.50,30.80, ,0.0,29.90,2,30.80,11,0.00
973,6442,光聖,"34,070",27,"1,083,912",32.05,32.05,31.75,31.75,-,0.3,31.70,6,31.85,5,0.00
974,6443,元晶,"20,001,168","8,381","543,680,093",27.10,27.80,26.80,27.00,-,0.2,27.00,393,27.05,36,0.00
975,6449,鈺邦,"945,746",566,"48,967,818",51.10,53.00,50.80,51.50,+,0.8,51.40,1,51.50,2,20.28
976,6451,訊芯-KY,"916,293",680,"96,159,118",106.50,107.50,103.50,103.50,-,2.0,103.50,58,104.00,5,16.53
977,6456,GIS-KY,"1,691,091","1,214","226,399,146",135.50,135.50,133.00,133.50,-,0.5,133.50,113,134.00,35,12.65
978,6464,台數科,"77,630",75,"9,641,434",123.50,124.50,123.50,124.50,+,1.0,124.00,12,124.50,3,16.21
979,6477,安集,"6,308,702","3,176","242,509,835",38.50,39.10,37.85,37.90,-,0.6,37.90,34,37.95,8,18.95
980,6491,晶碩,"1,559,140","1,300","341,612,740",219.00,225.00,215.00,218.00, ,0.0,217.00,6,218.00,67,29.54
981,6504,南六,"1,721,448",673,"436,592,240",251.00,254.50,249.00,254.50,+,6.5,254.50,385,255.00,41,21.24
982,6505,台塑化,"6,396,642","3,175","542,226,170",83.80,85.30,83.50,84.80,+,1.4,84.80,8,84.90,43,942.22
983,6525,捷敏-KY,"95,089",81,"5,472,435",57.70,57.70,57.20,57.70,+,0.3,57.60,1,57.70,19,10.95
984,6531,愛普,"7,027,350","4,982","2,585,703,967",358.50,377.50,356.00,375.00,+,20.5,374.50,9,375.00,8,177.73
985,6533,晶心科,"2,054,204","1,511","313,847,120",153.50,156.50,150.00,156.50,+,4.0,156.50,1,157.00,72,0.00
986,6541,泰福-KY,"617,866",416,"26,778,966",42.50,44.00,42.45,44.00,+,1.9,43.70,1,44.00,9,0.00
987,6552,易華電,"420,050",324,"20,112,225",47.50,48.30,47.25,47.80,+,0.7,47.80,15,47.85,4,15.37
988,6558,興能高,"387,000",265,"14,704,750",37.75,38.20,37.70,38.20,+,0.45,38.15,4,38.20,2,63.67
989,6573,虹揚-KY,"1,515,353",719,"25,327,815",15.85,17.05,15.45,17.05,+,1.55,17.05,61,--,0,0.00
990,6579,研揚,"26,015",21,"1,836,554",70.40,71.00,70.40,71.00,+,0.6,70.90,5,71.00,2,22.98
991,6581,鋼聯,"18,009",17,"1,237,819",68.50,69.00,68.50,68.90,+,0.6,68.90,15,69.00,7,57.90
992,6582,申豐,"1,339,240","1,106","230,064,100",166.00,176.00,166.00,175.50,+,10.0,175.00,1,175.50,7,23.85
993,6591,動力-KY,"302,162",224,"18,265,400",60.50,61.00,60.20,60.40,+,0.3,60.40,2,60.50,1,13.48
994,6592,和潤企業,"8,248,665","3,358","692,859,822",83.10,85.20,83.10,83.20,+,0.2,83.10,92,83.20,74,18.57
995,6598,ABC-KY,"772,795",636,"94,774,375",120.00,125.00,120.00,124.00,+,4.5,123.50,25,124.00,27,0.00
996,6605,帝寶,"165,100",220,"7,966,100",48.15,48.85,47.95,48.70,+,0.7,48.60,1,48.75,9,28.82
997,6625,必應,"6,262",11,"224,077",35.70,35.80,35.70,35.80,-,0.1,35.80,2,35.95,2,0.00
998,6641,基士德-KY,"3,000",3,"190,300",63.50,63.50,63.40,63.40, ,0.0,63.30,1,63.70,1,10.39
999,6655,科定,0,0,0,--,--,--,--, ,0.0,44.35,1,45.00,1,18.79
1000,6666,羅麗芬-KY,"91,300",78,"9,785,600",103.00,109.50,103.00,108.00,+,4.0,107.50,3,108.00,1,20.65
1001,6668,中揚光,"81,020",53,"4,520,909",55.50,56.30,55.50,55.50,+,0.2,55.50,17,55.60,7,31.36
1002,6669,緯穎,"599,231",541,"409,121,773",689.00,689.00,679.00,683.00, ,0.0,682.00,14,683.00,14,17.19
1003,6670,復盛應用,"338,588",298,"61,815,428",182.50,184.00,180.50,183.00,+,3.0,181.00,1,183.00,22,12.83
1004,6671,三能-KY,"70,000",38,"2,690,750",38.15,38.55,38.15,38.55,+,0.6,38.45,8,38.55,3,11.54
1005,6672,騰輝電子-KY,"305,381",252,"24,384,624",80.40,80.40,79.50,79.50,-,1.1,79.50,41,79.80,1,11.62
1006,6674,鋐寶科技,"40,000",27,"1,120,650",27.95,28.10,27.95,28.10,+,0.15,28.00,5,28.10,3,0.00
1007,6698,旭暉應材,"76,450",64,"3,229,594",42.50,42.60,42.05,42.05,-,0.55,42.05,1,42.10,3,41.63
1008,6706,惠特,"3,918,811","2,394","653,819,407",168.00,171.50,163.00,164.00,-,4.0,163.50,40,164.00,68,56.36
1009,6715,嘉基,"120,233",102,"16,531,188",138.00,139.00,136.50,137.00,-,1.5,137.00,2,138.00,15,30.58
1010,6754,匯僑設計,"132,030",58,"6,803,645",51.40,51.70,51.30,51.30,-,0.2,51.30,4,51.50,14,16.71
1011,8011,台通,"480,893",333,"8,567,824",17.75,17.95,17.60,17.90,+,0.3,17.85,8,17.90,36,85.24
1012,8016,矽創,"408,701",347,"58,370,889",144.00,144.50,141.50,142.50,-,0.5,142.50,7,143.00,11,13.42
1013,8021,尖點,"304,401",152,"6,921,490",22.95,22.95,22.60,22.60,-,0.05,22.60,24,22.70,6,17.25
1014,8028,昇陽半導體,"436,103",354,"21,274,035",48.60,49.15,48.55,48.75,-,0.15,48.75,2,48.85,7,26.35
1015,8033,雷虎,"4,452,260","1,655","50,552,226",11.10,11.65,11.05,11.35,+,0.3,11.35,439,11.40,30,0.00
1016,8039,台虹,"458,129",360,"23,845,579",52.50,52.50,51.80,51.80,-,0.4,51.80,35,51.90,3,17.86
1017,8046,南電,"11,779,309","6,667","1,582,221,054",135.00,135.50,133.00,134.50,-,1.5,134.00,78,134.50,88,44.98
1018,8070,長華*,"25,823,069","7,574","558,308,051",19.95,21.90,19.95,21.90,+,1.95,21.90,27,--,0,15.76
1019,8072,陞泰,"2,099,842","1,234","74,503,534",33.50,36.60,33.10,35.40,+,1.85,35.40,4,35.45,2,0.00
1020,8081,致新,"659,138",528,"105,765,356",159.00,161.50,158.50,160.00,+,1.0,160.00,26,160.50,11,15.76
1021,8101,華冠,"3,716,750",954,"22,861,768",5.99,6.29,5.99,6.20,+,0.48,6.18,1,6.20,137,0.00
1022,8103,瀚荃,"1,124,723",731,"36,666,909",32.65,32.95,32.40,32.40,-,0.3,32.40,5,32.45,1,12.32
1023,8104,錸寶,"388,372",266,"19,899,372",51.60,51.70,50.90,51.20,+,0.3,51.20,3,51.30,2,44.14
1024,8105,凌巨,"1,052,617",369,"11,490,942",10.85,11.00,10.80,10.90,+,0.1,10.90,62,10.95,60,0.00
1025,8110,華東,"1,304,602",420,"13,465,029",10.35,10.40,10.25,10.40,+,0.1,10.35,7,10.40,74,15.76
1026,8112,至上,"1,378,832",630,"40,796,931",29.55,29.70,29.50,29.50,-,0.05,29.50,105,29.60,8,8.10
1027,8114,振樺電,"57,861",64,"4,707,926",83.00,83.00,80.50,81.50,+,1.5,81.10,1,81.50,3,22.03
1028,8131,福懋科,"672,080",368,"24,306,401",35.95,36.35,35.90,36.20,+,0.25,36.20,12,36.25,24,11.49
1029,8150,南茂,"2,168,493","1,176","64,697,734",30.00,30.10,29.70,29.90, ,0.0,29.85,2,29.90,74,9.17
1030,8163,達方,"1,387,700",881,"55,589,400",40.00,40.35,39.80,39.95,+,0.15,39.95,2,40.00,42,13.68
1031,8201,無敵,"314,150",69,"2,951,088",9.32,9.56,9.29,9.50,+,0.19,9.31,2,9.50,23,0.00
1032,8210,勤誠,"237,556",219,"21,887,927",92.90,93.00,91.50,91.70,-,1.0,91.70,2,92.00,16,11.86
1033,8213,志超,"1,319,697",734,"55,548,510",42.05,42.30,41.90,41.90,+,0.05,41.90,21,42.00,11,6.24
1034,8215,明基材,"8,559,301","3,756","200,982,312",23.40,24.00,22.95,23.20,+,0.05,23.20,12,23.25,2,35.69
1035,8222,寶一,"278,033",180,"3,826,512",13.85,13.85,13.70,13.85, ,0.0,13.80,16,13.85,6,44.68
1036,8249,菱光,"270,000",174,"4,696,500",17.45,17.45,17.35,17.40,+,0.05,17.35,15,17.40,3,17.06
1037,8261,富鼎,"22,500,338","8,546","715,336,638",30.10,32.15,30.10,32.15,+,2.9,32.15,"1,160",--,0,27.02
1038,8271,宇瞻,"542,548",299,"19,755,183",36.20,36.50,36.20,36.50,+,0.2,36.45,3,36.50,10,8.24
1039,8341,日友,"127,438",206,"30,555,764",239.00,240.50,239.00,240.50,+,2.0,240.00,1,241.50,3,26.60
1040,8367,建新國際,"96,100",57,"2,588,290",27.10,27.20,26.80,26.85,-,0.25,26.85,18,27.00,2,10.91
1041,8374,羅昇,"71,000",46,"1,589,600",22.30,22.55,22.20,22.50,+,0.35,22.45,1,22.50,3,0.00
1042,8404,百和興業-KY,"1,047,195",638,"31,697,543",28.90,31.25,28.90,30.75,+,1.8,30.75,15,30.80,26,19.97
1043,8411,福貞-KY,"252,873",148,"3,481,038",13.85,13.85,13.70,13.85, ,0.0,13.80,2,13.85,6,98.93
1044,8422,可寧衛,"155,009",166,"24,788,938",160.50,160.50,159.00,159.00,-,1.5,159.00,19,160.50,15,15.66
1045,8427,基勝-KY,"1,000",1,"44,000",44.00,44.00,44.00,44.00,X,0.0,43.95,18,44.50,1,43.14
1046,8429,金麗-KY,"9,154,400","2,764","85,138,050",8.74,9.41,8.63,9.41,+,0.85,9.41,625,--,0,0.00
1047,8442,威宏-KY,"9,000",8,"422,950",47.35,47.35,46.60,47.00, ,0.0,47.00,3,47.05,2,21.86
1048,8443,阿瘦,"48,415",84,"496,503",10.25,10.30,10.15,10.30,+,0.05,10.25,1,10.30,8,0.00
1049,8454,富邦媒,"639,086",292,"460,332,822",711.00,724.00,707.00,721.00,+,10.0,719.00,1,721.00,3,63.19
1050,8462,柏文,"46,891",116,"7,802,297",166.50,166.50,166.00,166.50,+,1.0,166.50,7,167.00,5,29.06
1051,8463,潤泰材,"360,000",218,"13,974,250",38.80,39.35,38.35,38.90,+,0.9,38.90,4,38.95,3,90.47
1052,8464,億豐,"2,552,998","1,077","912,046,786",349.50,359.00,348.50,359.00,+,10.5,356.50,1,359.00,32,22.95
1053,8466,美吉吉-KY,"10,000",6,"631,700",63.30,63.30,63.10,63.20,-,0.1,63.20,1,63.40,6,12.92
1054,8467,波力-KY,"13,000",12,"639,850",49.00,49.50,49.00,49.45,+,0.65,48.90,1,49.50,1,16.88
1055,8473,山林水,"82,241",54,"3,457,243",42.15,42.15,42.00,42.15,+,0.15,42.10,1,42.20,4,15.97
1056,8478,東哥遊艇,"2,764,703","2,252","205,544,179",71.50,76.30,71.50,74.90,+,3.5,74.60,1,74.90,6,28.05
1057,8480,泰昇-KY,"18,600",19,"2,233,200",119.00,121.00,119.00,119.50,+,0.5,119.50,2,120.00,5,11.66
1058,8481,政伸,"103,327",86,"7,220,763",67.90,72.10,67.90,69.70,+,1.9,69.70,8,69.90,3,20.74
1059,8482,商億-KY,"126,000",54,"14,378,500",114.00,115.00,113.00,115.00, ,0.0,114.50,1,115.00,11,20.65
1060,8488,吉源-KY,"7,000",6,"95,550",13.65,13.65,13.65,13.65,-,0.1,13.60,2,13.65,1,0.00
1061,8497,格威傳媒,0,0,0,--,--,--,--, ,0.0,65.00,23,65.20,1,22.26
1062,8499,鼎炫-KY,"1,321,440",998,"196,163,940",148.00,151.50,146.00,147.50,-,2.0,147.50,7,148.00,6,14.78
1063,8926,台汽電,"1,538,001",874,"62,759,933",41.00,41.25,40.60,40.60,-,0.1,40.60,77,40.65,4,22.19
1064,8940,新天地,"39,219",88,"401,443",10.20,10.25,10.20,10.25,+,0.05,10.20,2,10.25,4,0.00
1065,8996,高力,"297,300",230,"17,428,378",59.30,59.30,58.10,58.90,+,0.1,58.80,6,58.90,1,36.58
1066,9103,美德醫療-DR,"35,619,981","20,550","2,044,314,627",57.00,59.50,55.40,55.40,-,3.5,55.40,58,55.50,167,0.00
1067,910322,康師傅-DR,"770,180",381,"22,051,055",30.00,30.90,28.20,29.00,-,2.3,29.00,1,29.20,4,0.00
1068,9105,泰金寶-DR,"48,477,800","10,460","451,060,833",8.70,9.49,8.70,9.49,+,0.86,9.48,477,9.49,"3,907",0.00
1069,910861,神州-DR,"2,259,050","1,366","54,273,317",22.95,25.50,22.10,23.50,+,0.1,23.50,8,23.55,15,0.00
1070,9110,越南控-DR,"1,763,645",279,"9,312,045",5.28,5.28,5.28,5.28,+,0.48,5.28,"10,569",--,0,0.00
1071,911608,明輝-DR,"918,530",449,"17,731,382",18.00,20.10,18.00,19.30,-,0.2,19.30,12,19.40,3,0.00
1072,911616,杜康-DR,"1,826,000",409,"7,003,460",3.86,3.90,3.74,3.83,+,0.05,3.83,5,3.85,178,0.00
1073,911622,泰聚亨-DR,"541,000",215,"6,020,800",11.85,11.85,11.00,11.00,-,1.2,--,0,11.00,132,0.00
1074,911868,同方友友-DR,"6,778,000","1,199","21,337,730",3.10,3.24,3.02,3.24,+,0.29,3.24,"4,197",--,0,0.00
1075,912000,晨訊科-DR,"8,416,711","2,122","84,441,850",9.40,10.25,9.40,10.05,+,0.65,10.05,1,10.10,34,0.00
1076,912398,友佳-DR,"3,581,850",964,"39,261,433",11.00,11.10,10.70,11.10,+,1.0,11.10,"1,412",--,0,0.00
1077,9136,巨騰-DR,"10,981,031","3,929","169,569,326",15.65,15.90,15.10,15.30,-,0.15,15.25,133,15.40,30,0.00
1078,9188,精熙-DR,"3,956,644",601,"22,871,889",5.50,5.84,5.50,5.84,+,0.53,5.84,"4,455",--,0,0.00
1079,9802,鈺齊-KY,"813,100",543,"97,784,300",121.00,121.50,119.00,121.00,+,1.0,120.50,5,121.00,32,16.20
1080,9902,台火,"218,852",97,"2,229,504",10.25,10.25,10.15,10.15, ,0.0,10.15,10,10.20,17,30.76
1081,9904,寶成,"5,335,031","1,692","144,377,580",27.10,27.20,27.00,27.00,-,0.1,27.00,"1,263",27.10,4,14.36
1082,9905,大華,"251,931",139,"5,551,360",21.90,22.15,21.90,22.10,+,0.25,22.10,19,22.15,25,13.15
1083,9906,欣巴巴,"97,823",72,"4,584,769",47.00,47.50,46.00,47.10,-,0.2,47.10,27,47.45,5,0.00
1084,9907,統一實,"6,180,956","2,428","67,582,633",10.75,11.15,10.70,10.95,+,0.2,10.90,65,10.95,6,49.77
1085,9908,大台北,"70,656",58,"2,192,204",30.95,31.05,30.95,31.05,+,0.1,31.00,22,31.10,28,19.53
1086,9910,豐泰,"872,350",489,"148,562,350",170.50,171.00,169.00,171.00,+,1.5,170.50,7,171.00,29,23.55
1087,9911,櫻花,"194,620",154,"9,288,782",47.90,48.00,47.55,47.75,-,0.15,47.70,1,47.85,1,12.09
1088,9912,偉聯,"543,399",253,"4,260,552",7.28,8.00,7.28,8.00,+,0.72,8.00,35,--,0,0.00
1089,9914,美利達,"1,931,553","1,475","468,063,826",241.50,245.00,238.00,243.50,+,3.0,243.00,4,243.50,10,24.11
1090,9917,中保科,"301,146",225,"25,968,309",86.50,86.70,86.00,86.00,-,0.2,86.00,28,86.10,1,17.73
1091,9918,欣天然,"8,050",9,"283,762",35.25,35.25,35.25,35.25,+,0.05,35.20,31,35.30,10,25.54
1092,9919,康那香,"2,391,891","1,450","101,709,701",43.00,43.00,42.20,42.35,-,0.2,42.35,8,42.40,2,30.25
1093,9921,巨大,"1,493,143","1,018","425,756,968",289.50,290.50,282.00,284.00,-,5.5,284.00,3,284.50,54,28.01
1094,9924,福興,"463,359",254,"20,140,535",43.25,43.70,43.25,43.70,+,0.6,43.65,3,43.70,21,10.31
1095,9925,新保,"213,839",174,"7,850,069",36.60,36.80,36.60,36.70,+,0.1,36.70,6,36.75,4,15.96
1096,9926,新海,"5,000",5,"216,000",43.15,43.30,43.15,43.30,+,0.15,43.20,22,43.30,1,20.72
1097,9927,泰銘,"32,205",31,"920,172",28.40,28.70,28.40,28.70,+,0.1,28.70,3,28.75,14,21.42
1098,9928,中視,"16,010",8,"83,360",5.21,5.21,5.20,5.20,-,0.09,5.16,1,5.20,2,0.00
1099,9929,秋雨,"64,435",35,"830,918",12.90,13.05,12.75,13.00,+,0.2,13.00,5,13.05,30,2.89
1100,9930,中聯資源,"102,200",82,"4,628,470",45.15,45.40,45.10,45.35,+,0.2,45.35,17,45.40,12,14.97
1101,9931,欣高,"8,053",9,"334,523",41.50,41.85,41.25,41.50, ,0.0,41.50,3,41.80,1,21.73
1102,9933,中鼎,"6,510,114","3,090","259,068,728",39.60,40.15,39.30,39.75,+,1.0,39.75,17,39.90,7,30.58
1103,9934,成霖,"399,076",203,"6,097,005",15.40,15.40,15.20,15.25,+,0.1,15.20,40,15.30,96,217.86
1104,9935,慶豐富,"602,235",304,"20,563,174",34.25,34.40,33.80,34.25,+,0.35,34.25,42,34.30,3,31.71
1105,9937,全國,"42,858",43,"2,005,089",46.65,47.35,46.40,46.90,+,0.5,46.85,54,46.95,2,20.94
1106,9938,百和,"705,650",496,"48,827,642",69.00,69.50,68.80,69.30,+,0.4,69.30,21,69.40,27,13.72
1107,9939,宏全,"541,138",367,"30,747,648",56.40,57.00,56.40,57.00,+,0.7,56.90,2,57.00,19,11.45
1108,9940,信義,"226,001",135,"6,742,577",29.90,29.95,29.65,29.85,+,0.05,29.85,20,29.90,42,26.89
1109,9941,裕融,"282,121",231,"28,178,152",99.70,100.00,99.50,100.00,+,0.2,100.00,14,100.50,94,13.39
1110,9941A,裕融甲特,"27,291",16,"1,412,457",51.80,51.90,51.70,51.90, ,0.0,51.70,11,51.90,28,0.00
1111,9942,茂順,"42,000",33,"2,716,400",64.70,64.90,64.60,64.90,+,0.5,64.80,2,64.90,5,15.42
1112,9943,好樂迪,"86,999",77,"5,507,236",63.20,63.50,63.00,63.40, ,0.0,63.40,11,63.50,5,14.88
1113,9944,新麗,"494,550",324,"11,402,582",23.20,23.45,22.85,23.25,+,0.05,23.25,27,23.30,31,0.00
1114,9945,潤泰新,"2,857,920","1,271","119,099,350",41.85,41.85,41.50,41.70,+,0.2,41.65,30,41.70,62,5.57
1115,9946,三發地產,"201,083",70,"3,617,244",17.85,18.15,17.85,18.00,+,0.05,17.95,19,18.00,28,6.47
1116,9955,佳龍,"852,679",509,"17,727,019",20.70,21.20,20.40,20.50,+,0.15,20.50,5,20.55,5,0.00
1117,9958,世紀鋼,"21,184,726","10,460","2,832,316,641",129.50,136.00,129.00,135.00,+,6.0,135.00,17,135.50,226,27.00
